49	16	46.3654
49	16.1	46.1384
49	16.2	45.8573
49	16.3	45.5481
49	16.4	45.2229
49	16.5	44.8953
49	16.6	44.6073
49	16.7	44.3179
49	16.8	44.0407
49	16.9	43.7672
49	17	43.5373
49	17.1	43.377
49	17.2	43.2809
49	17.3	43.2262
49	17.4	43.2332
49	17.5	43.2772
49	17.6	43.3579
49	17.7	43.4364
49	17.8	43.5052
49	17.9	43.5234
49	18	43.5137
49	18.1	43.4866
49	18.2	43.5067
49	18.3	43.579
49	18.4	43.6236
49	18.5	43.6278
49	18.6	43.615
49	18.7	43.5791
49	18.8	43.5277
49	18.9	43.5281
49	19	43.6117
49	19.1	43.706
49	19.2	43.7182
49	19.3	43.7257
49	19.4	43.7438
49	19.5	43.7241
49	19.6	43.7019
49	19.7	43.6188
49	19.8	43.4846
49	19.9	43.3849
49	20	43.2873
49	20.1	43.1832
49	20.2	43.0004
49	20.3	42.7471
49	20.4	42.5013
49	20.5	42.2446
49	20.6	42.0183
49	20.7	41.7854
49	20.8	41.5526
49	20.9	41.3179
49	21	41.0449
49	21.1	40.767
49	21.2	40.4737
49	21.3	40.2252
49	21.4	40.0379
49	21.5	39.8021
49	21.6	39.5505
49	21.7	39.3415
49	21.8	39.1732
49	21.9	39.0304
49	22	38.8943
49	22.1	38.7903
49	22.2	38.6444
49	22.3	38.4556
49	22.4	38.2856
49	22.5	38.1071
49	22.6	37.9556
49	22.7	37.7568
49	22.8	37.5216
49	22.9	37.243
48.9	16	46.1905
48.9	16.1	45.9567
48.9	16.2	45.6836
48.9	16.3	45.38
48.9	16.4	45.0538
48.9	16.5	44.7379
48.9	16.6	44.4593
48.9	16.7	44.1779
48.9	16.8	43.8787
48.9	16.9	43.593
48.9	17	43.363
48.9	17.1	43.2141
48.9	17.2	43.1523
48.9	17.3	43.1717
48.9	17.4	43.252
48.9	17.5	43.3728
48.9	17.6	43.496
48.9	17.7	43.5914
48.9	17.8	43.6315
48.9	17.9	43.6145
48.9	18	43.5772
48.9	18.1	43.5804
48.9	18.2	43.6411
48.9	18.3	43.7286
48.9	18.4	43.7892
48.9	18.5	43.78
48.9	18.6	43.7364
48.9	18.7	43.6585
48.9	18.8	43.6264
48.9	18.9	43.7194
48.9	19	43.8824
48.9	19.1	43.986
48.9	19.2	43.9885
48.9	19.3	43.9807
48.9	19.4	43.9869
48.9	19.5	43.9391
48.9	19.6	43.8988
48.9	19.7	43.7951
48.9	19.8	43.6789
48.9	19.9	43.603
48.9	20	43.5615
48.9	20.1	43.4319
48.9	20.2	43.2746
48.9	20.3	42.9914
48.9	20.4	42.7393
48.9	20.5	42.5057
48.9	20.6	42.2704
48.9	20.7	42.0395
48.9	20.8	41.8162
48.9	20.9	41.5747
48.9	21	41.3011
48.9	21.1	40.9923
48.9	21.2	40.6719
48.9	21.3	40.3779
48.9	21.4	40.1961
48.9	21.5	39.9761
48.9	21.6	39.6861
48.9	21.7	39.4455
48.9	21.8	39.2937
48.9	21.9	39.1978
48.9	22	39.1218
48.9	22.1	39.0035
48.9	22.2	38.8694
48.9	22.3	38.6736
48.9	22.4	38.4674
48.9	22.5	38.3098
48.9	22.6	38.1872
48.9	22.7	38.0743
48.9	22.8	37.9096
48.9	22.9	37.6978
48.8	16	46.0269
48.8	16.1	45.8038
48.8	16.2	45.5476
48.8	16.3	45.2441
48.8	16.4	44.9348
48.8	16.5	44.6332
48.8	16.6	44.3414
48.8	16.7	44.0323
48.8	16.8	43.7165
48.8	16.9	43.4354
48.8	17	43.2372
48.8	17.1	43.1597
48.8	17.2	43.1814
48.8	17.3	43.2858
48.8	17.4	43.4186
48.8	17.5	43.5432
48.8	17.6	43.6333
48.8	17.7	43.6592
48.8	17.8	43.6653
48.8	17.9	43.6951
48.8	18	43.7269
48.8	18.1	43.6788
48.8	18.2	43.6353
48.8	18.3	43.7171
48.8	18.4	43.7968
48.8	18.5	43.7982
48.8	18.6	43.7367
48.8	18.7	43.7093
48.8	18.8	43.7776
48.8	18.9	43.9016
48.8	19	43.9872
48.8	19.1	43.9939
48.8	19.2	43.9258
48.8	19.3	43.9064
48.8	19.4	43.9282
48.8	19.5	43.9123
48.8	19.6	43.862
48.8	19.7	43.819
48.8	19.8	43.805
48.8	19.9	43.7817
48.8	20	43.6778
48.8	20.1	43.5339
48.8	20.2	43.3305
48.8	20.3	43.0714
48.8	20.4	42.8509
48.8	20.5	42.6677
48.8	20.6	42.4911
48.8	20.7	42.2638
48.8	20.8	42.0066
48.8	20.9	41.7577
48.8	21	41.4809
48.8	21.1	41.19
48.8	21.2	40.836
48.8	21.3	40.4651
48.8	21.4	40.2167
48.8	21.5	40.0529
48.8	21.6	39.8205
48.8	21.7	39.5368
48.8	21.8	39.3613
48.8	21.9	39.2463
48.8	22	39.1474
48.8	22.1	39.05
48.8	22.2	38.9559
48.8	22.3	38.8573
48.8	22.4	38.7428
48.8	22.5	38.59
48.8	22.6	38.4346
48.8	22.7	38.3607
48.8	22.8	38.2242
48.8	22.9	38.0634
48.7	16	45.8923
48.7	16.1	45.6913
48.7	16.2	45.4332
48.7	16.3	45.1269
48.7	16.4	44.8258
48.7	16.5	44.5412
48.7	16.6	44.2371
48.7	16.7	43.9074
48.7	16.8	43.5775
48.7	16.9	43.3134
48.7	17	43.1785
48.7	17.1	43.162
48.7	17.2	43.2246
48.7	17.3	43.339
48.7	17.4	43.4838
48.7	17.5	43.609
48.7	17.6	43.6792
48.7	17.7	43.6812
48.7	17.8	43.6663
48.7	17.9	43.7557
48.7	18	43.7819
48.7	18.1	43.6949
48.7	18.2	43.5918
48.7	18.3	43.6458
48.7	18.4	43.7449
48.7	18.5	43.782
48.7	18.6	43.8416
48.7	18.7	43.8984
48.7	18.8	43.8858
48.7	18.9	43.9214
48.7	19	43.9112
48.7	19.1	43.8781
48.7	19.2	43.7961
48.7	19.3	43.8439
48.7	19.4	43.9542
48.7	19.5	44.0238
48.7	19.6	44.0028
48.7	19.7	43.966
48.7	19.8	43.8872
48.7	19.9	43.7667
48.7	20	43.557
48.7	20.1	43.3464
48.7	20.2	43.1267
48.7	20.3	42.9077
48.7	20.4	42.7445
48.7	20.5	42.6178
48.7	20.6	42.4761
48.7	20.7	42.2874
48.7	20.8	42.0051
48.7	20.9	41.691
48.7	21	41.4015
48.7	21.1	41.1192
48.7	21.2	40.8129
48.7	21.3	40.4897
48.7	21.4	40.2708
48.7	21.5	40.0959
48.7	21.6	39.8759
48.7	21.7	39.5999
48.7	21.8	39.4015
48.7	21.9	39.2537
48.7	22	39.1366
48.7	22.1	39.0479
48.7	22.2	38.9816
48.7	22.3	38.9164
48.7	22.4	38.8474
48.7	22.5	38.7362
48.7	22.6	38.6215
48.7	22.7	38.4839
48.7	22.8	38.3702
48.7	22.9	38.2403
48.6	16	45.8348
48.6	16.1	45.6129
48.6	16.2	45.3552
48.6	16.3	45.0906
48.6	16.4	44.824
48.6	16.5	44.4911
48.6	16.6	44.1543
48.6	16.7	43.8334
48.6	16.8	43.5204
48.6	16.9	43.2832
48.6	17	43.1969
48.6	17.1	43.2138
48.6	17.2	43.3005
48.6	17.3	43.4281
48.6	17.4	43.5545
48.6	17.5	43.6521
48.6	17.6	43.6774
48.6	17.7	43.639
48.6	17.8	43.618
48.6	17.9	43.6828
48.6	18	43.6594
48.6	18.1	43.5895
48.6	18.2	43.5882
48.6	18.3	43.6715
48.6	18.4	43.7909
48.6	18.5	43.9169
48.6	18.6	43.9619
48.6	18.7	43.9394
48.6	18.8	43.785
48.6	18.9	43.7736
48.6	19	43.7778
48.6	19.1	43.738
48.6	19.2	43.7275
48.6	19.3	43.8104
48.6	19.4	43.9571
48.6	19.5	44.0498
48.6	19.6	44.0262
48.6	19.7	43.9547
48.6	19.8	43.7859
48.6	19.9	43.5957
48.6	20	43.396
48.6	20.1	43.1868
48.6	20.2	42.962
48.6	20.3	42.7913
48.6	20.4	42.6572
48.6	20.5	42.5041
48.6	20.6	42.3212
48.6	20.7	42.1402
48.6	20.8	41.8603
48.6	20.9	41.5508
48.6	21	41.2699
48.6	21.1	40.9917
48.6	21.2	40.7297
48.6	21.3	40.4884
48.6	21.4	40.3673
48.6	21.5	40.2053
48.6	21.6	39.946
48.6	21.7	39.7036
48.6	21.8	39.4943
48.6	21.9	39.3288
48.6	22	39.2046
48.6	22.1	39.1088
48.6	22.2	39.0341
48.6	22.3	38.9709
48.6	22.4	38.9068
48.6	22.5	38.8197
48.6	22.6	38.7248
48.6	22.7	38.6461
48.6	22.8	38.5234
48.6	22.9	38.3799
48.5	16	45.7925
48.5	16.1	45.5783
48.5	16.2	45.3125
48.5	16.3	45.056
48.5	16.4	44.7821
48.5	16.5	44.4829
48.5	16.6	44.1553
48.5	16.7	43.8454
48.5	16.8	43.5512
48.5	16.9	43.3484
48.5	17	43.2943
48.5	17.1	43.3456
48.5	17.2	43.4785
48.5	17.3	43.6168
48.5	17.4	43.6328
48.5	17.5	43.6172
48.5	17.6	43.5749
48.5	17.7	43.5513
48.5	17.8	43.586
48.5	17.9	43.6072
48.5	18	43.5417
48.5	18.1	43.552
48.5	18.2	43.663
48.5	18.3	43.7865
48.5	18.4	43.896
48.5	18.5	43.9741
48.5	18.6	43.9798
48.5	18.7	43.8901
48.5	18.8	43.8336
48.5	18.9	43.8445
48.5	19	43.8113
48.5	19.1	43.8074
48.5	19.2	43.8528
48.5	19.3	43.908
48.5	19.4	43.9186
48.5	19.5	43.8966
48.5	19.6	43.8326
48.5	19.7	43.703
48.5	19.8	43.5256
48.5	19.9	43.3626
48.5	20	43.2051
48.5	20.1	43.029
48.5	20.2	42.8395
48.5	20.3	42.6626
48.5	20.4	42.5321
48.5	20.5	42.3861
48.5	20.6	42.1839
48.5	20.7	41.9464
48.5	20.8	41.7033
48.5	20.9	41.4771
48.5	21	41.2347
48.5	21.1	40.9809
48.5	21.2	40.7098
48.5	21.3	40.5138
48.5	21.4	40.4092
48.5	21.5	40.2258
48.5	21.6	40.0375
48.5	21.7	39.8222
48.5	21.8	39.6359
48.5	21.9	39.4573
48.5	22	39.3172
48.5	22.1	39.2177
48.5	22.2	39.1432
48.5	22.3	39.0422
48.5	22.4	38.938
48.5	22.5	38.8378
48.5	22.6	38.7416
48.5	22.7	38.6707
48.5	22.8	38.597
48.5	22.9	38.5048
48.4	16	45.7672
48.4	16.1	45.5493
48.4	16.2	45.2932
48.4	16.3	45.0385
48.4	16.4	44.7596
48.4	16.5	44.4743
48.4	16.6	44.1798
48.4	16.7	43.8977
48.4	16.8	43.6565
48.4	16.9	43.5104
48.4	17	43.4934
48.4	17.1	43.6167
48.4	17.2	43.7653
48.4	17.3	43.7773
48.4	17.4	43.6456
48.4	17.5	43.5152
48.4	17.6	43.4775
48.4	17.7	43.4693
48.4	17.8	43.4925
48.4	17.9	43.506
48.4	18	43.5239
48.4	18.1	43.6153
48.4	18.2	43.6884
48.4	18.3	43.6952
48.4	18.4	43.7173
48.4	18.5	43.7877
48.4	18.6	43.8501
48.4	18.7	43.8526
48.4	18.8	43.8787
48.4	18.9	43.8878
48.4	19	43.8542
48.4	19.1	43.8708
48.4	19.2	43.9387
48.4	19.3	43.9498
48.4	19.4	43.8859
48.4	19.5	43.7396
48.4	19.6	43.5789
48.4	19.7	43.4253
48.4	19.8	43.2913
48.4	19.9	43.1721
48.4	20	43.0488
48.4	20.1	42.9053
48.4	20.2	42.7389
48.4	20.3	42.5664
48.4	20.4	42.4164
48.4	20.5	42.2348
48.4	20.6	42.0513
48.4	20.7	41.8785
48.4	20.8	41.7129
48.4	20.9	41.5062
48.4	21	41.2553
48.4	21.1	40.979
48.4	21.2	40.736
48.4	21.3	40.6491
48.4	21.4	40.496
48.4	21.5	40.2902
48.4	21.6	40.0955
48.4	21.7	39.8947
48.4	21.8	39.7312
48.4	21.9	39.554
48.4	22	39.4203
48.4	22.1	39.3205
48.4	22.2	39.2332
48.4	22.3	39.1226
48.4	22.4	39.0201
48.4	22.5	38.9248
48.4	22.6	38.821
48.4	22.7	38.7158
48.4	22.8	38.6272
48.4	22.9	38.57
48.3	16	45.842
48.3	16.1	45.6421
48.3	16.2	45.4055
48.3	16.3	45.117
48.3	16.4	44.7636
48.3	16.5	44.4422
48.3	16.6	44.1849
48.3	16.7	43.9708
48.3	16.8	43.813
48.3	16.9	43.7246
48.3	17	43.7654
48.3	17.1	43.9334
48.3	17.2	43.9254
48.3	17.3	43.7214
48.3	17.4	43.5643
48.3	17.5	43.4875
48.3	17.6	43.4508
48.3	17.7	43.4009
48.3	17.8	43.3765
48.3	17.9	43.4169
48.3	18	43.5203
48.3	18.1	43.5672
48.3	18.2	43.5175
48.3	18.3	43.4529
48.3	18.4	43.4819
48.3	18.5	43.5604
48.3	18.6	43.6418
48.3	18.7	43.7098
48.3	18.8	43.7966
48.3	18.9	43.824
48.3	19	43.7768
48.3	19.1	43.7861
48.3	19.2	43.8503
48.3	19.3	43.7891
48.3	19.4	43.6474
48.3	19.5	43.481
48.3	19.6	43.3402
48.3	19.7	43.2463
48.3	19.8	43.1862
48.3	19.9	43.1204
48.3	20	43.0036
48.3	20.1	42.8649
48.3	20.2	42.6986
48.3	20.3	42.506
48.3	20.4	42.3169
48.3	20.5	42.1666
48.3	20.6	42.0201
48.3	20.7	41.8573
48.3	20.8	41.6638
48.3	20.9	41.432
48.3	21	41.1948
48.3	21.1	40.9478
48.3	21.2	40.7579
48.3	21.3	40.6907
48.3	21.4	40.5127
48.3	21.5	40.3135
48.3	21.6	40.0894
48.3	21.7	39.9104
48.3	21.8	39.7279
48.3	21.9	39.6077
48.3	22	39.5071
48.3	22.1	39.3986
48.3	22.2	39.3039
48.3	22.3	39.1955
48.3	22.4	39.0949
48.3	22.5	38.9903
48.3	22.6	38.891
48.3	22.7	38.8082
48.3	22.8	38.7224
48.3	22.9	38.6343
48.2	16	46.0074
48.2	16.1	45.7964
48.2	16.2	45.4961
48.2	16.3	45.1417
48.2	16.4	44.8124
48.2	16.5	44.5106
48.2	16.6	44.2808
48.2	16.7	44.1213
48.2	16.8	44.04
48.2	16.9	44.0273
48.2	17	44.0621
48.2	17.1	44.0355
48.2	17.2	43.8382
48.2	17.3	43.6484
48.2	17.4	43.5367
48.2	17.5	43.481
48.2	17.6	43.4389
48.2	17.7	43.3781
48.2	17.8	43.3433
48.2	17.9	43.376
48.2	18	43.4296
48.2	18.1	43.4088
48.2	18.2	43.3802
48.2	18.3	43.4082
48.2	18.4	43.4652
48.2	18.5	43.5109
48.2	18.6	43.5819
48.2	18.7	43.7041
48.2	18.8	43.7616
48.2	18.9	43.7769
48.2	19	43.7888
48.2	19.1	43.8049
48.2	19.2	43.7738
48.2	19.3	43.663
48.2	19.4	43.5006
48.2	19.5	43.3374
48.2	19.6	43.2302
48.2	19.7	43.1922
48.2	19.8	43.1841
48.2	19.9	43.1372
48.2	20	42.9877
48.2	20.1	42.853
48.2	20.2	42.6922
48.2	20.3	42.519
48.2	20.4	42.4153
48.2	20.5	42.2942
48.2	20.6	42.082
48.2	20.7	41.8133
48.2	20.8	41.5537
48.2	20.9	41.334
48.2	21	41.1118
48.2	21.1	40.9055
48.2	21.2	40.7296
48.2	21.3	40.6223
48.2	21.4	40.4379
48.2	21.5	40.2591
48.2	21.6	40.0835
48.2	21.7	39.8982
48.2	21.8	39.7492
48.2	21.9	39.6372
48.2	22	39.5489
48.2	22.1	39.45
48.2	22.2	39.3361
48.2	22.3	39.2121
48.2	22.4	39.0947
48.2	22.5	39.0089
48.2	22.6	38.9635
48.2	22.7	38.9187
48.2	22.8	38.8446
48.2	22.9	38.756
48.1	16	46.2172
48.1	16.1	45.9893
48.1	16.2	45.67
48.1	16.3	45.304
48.1	16.4	44.9795
48.1	16.5	44.708
48.1	16.6	44.5044
48.1	16.7	44.3749
48.1	16.8	44.302
48.1	16.9	44.2627
48.1	17	44.1807
48.1	17.1	44.0197
48.1	17.2	43.8283
48.1	17.3	43.6674
48.1	17.4	43.5698
48.1	17.5	43.5093
48.1	17.6	43.4563
48.1	17.7	43.3976
48.1	17.8	43.3618
48.1	17.9	43.3631
48.1	18	43.364
48.1	18.1	43.3663
48.1	18.2	43.3889
48.1	18.3	43.4408
48.1	18.4	43.4891
48.1	18.5	43.5154
48.1	18.6	43.5841
48.1	18.7	43.6763
48.1	18.8	43.7591
48.1	18.9	43.809
48.1	19	43.8454
48.1	19.1	43.7839
48.1	19.2	43.682
48.1	19.3	43.5726
48.1	19.4	43.4626
48.1	19.5	43.3508
48.1	19.6	43.2579
48.1	19.7	43.1792
48.1	19.8	43.1228
48.1	19.9	43.0491
48.1	20	42.9122
48.1	20.1	42.7979
48.1	20.2	42.6848
48.1	20.3	42.5891
48.1	20.4	42.61
48.1	20.5	42.5757
48.1	20.6	42.2856
48.1	20.7	41.8617
48.1	20.8	41.495
48.1	20.9	41.2327
48.1	21	41.0338
48.1	21.1	40.8345
48.1	21.2	40.675
48.1	21.3	40.5436
48.1	21.4	40.4225
48.1	21.5	40.261
48.1	21.6	40.1099
48.1	21.7	39.9543
48.1	21.8	39.8152
48.1	21.9	39.7036
48.1	22	39.6064
48.1	22.1	39.4996
48.1	22.2	39.3712
48.1	22.3	39.2547
48.1	22.4	39.1727
48.1	22.5	39.0855
48.1	22.6	38.9939
48.1	22.7	38.9331
48.1	22.8	38.8735
48.1	22.9	38.807
48	16	46.3625
48	16.1	46.0989
48	16.2	45.7592
48	16.3	45.4061
48	16.4	45.1358
48	16.5	44.9332
48	16.6	44.8015
48	16.7	44.6751
48	16.8	44.5453
48	16.9	44.4213
48	17	44.2685
48	17.1	44.0836
48	17.2	43.9019
48	17.3	43.761
48	17.4	43.6588
48	17.5	43.5787
48	17.6	43.5126
48	17.7	43.4612
48	17.8	43.4475
48	17.9	43.4636
48	18	43.4866
48	18.1	43.4951
48	18.2	43.4877
48	18.3	43.4833
48	18.4	43.5093
48	18.5	43.5456
48	18.6	43.6027
48	18.7	43.6739
48	18.8	43.7818
48	18.9	43.9441
48	19	43.9547
48	19.1	43.8072
48	19.2	43.6748
48	19.3	43.5561
48	19.4	43.44
48	19.5	43.3311
48	19.6	43.2112
48	19.7	43.0934
48	19.8	43.019
48	19.9	42.9698
48	20	42.8641
48	20.1	42.729
48	20.2	42.6412
48	20.3	42.5961
48	20.4	42.5422
48	20.5	42.4205
48	20.6	42.1663
48	20.7	41.7456
48	20.8	41.3935
48	20.9	41.1648
48	21	40.999
48	21.1	40.8398
48	21.2	40.6992
48	21.3	40.5661
48	21.4	40.4076
48	21.5	40.2596
48	21.6	40.1291
48	21.7	40.0021
48	21.8	39.8734
48	21.9	39.7689
48	22	39.6753
48	22.1	39.5647
48	22.2	39.4421
48	22.3	39.32
48	22.4	39.2115
48	22.5	39.1175
48	22.6	39.0223
48	22.7	38.9494
48	22.8	38.8881
48	22.9	38.8432
47.9	16	46.5354
47.9	16.1	46.2264
47.9	16.2	45.8248
47.9	16.3	45.4913
47.9	16.4	45.2964
47.9	16.5	45.1628
47.9	16.6	45.0357
47.9	16.7	44.8474
47.9	16.8	44.6704
47.9	16.9	44.5173
47.9	17	44.3539
47.9	17.1	44.1711
47.9	17.2	44.0077
47.9	17.3	43.8763
47.9	17.4	43.7711
47.9	17.5	43.6835
47.9	17.6	43.6129
47.9	17.7	43.5691
47.9	17.8	43.5646
47.9	17.9	43.6016
47.9	18	43.6477
47.9	18.1	43.6525
47.9	18.2	43.6175
47.9	18.3	43.6054
47.9	18.4	43.6163
47.9	18.5	43.6394
47.9	18.6	43.6718
47.9	18.7	43.745
47.9	18.8	43.8671
47.9	18.9	43.9843
47.9	19	43.9031
47.9	19.1	43.7814
47.9	19.2	43.6723
47.9	19.3	43.5537
47.9	19.4	43.4092
47.9	19.5	43.2562
47.9	19.6	43.0826
47.9	19.7	43.0225
47.9	19.8	43.1247
47.9	19.9	43.1258
47.9	20	42.9647
47.9	20.1	42.7449
47.9	20.2	42.5201
47.9	20.3	42.3484
47.9	20.4	42.2071
47.9	20.5	41.9877
47.9	20.6	41.7496
47.9	20.7	41.495
47.9	20.8	41.2969
47.9	20.9	41.1453
47.9	21	41.0128
47.9	21.1	40.8819
47.9	21.2	40.7483
47.9	21.3	40.6153
47.9	21.4	40.4753
47.9	21.5	40.3294
47.9	21.6	40.1893
47.9	21.7	40.0535
47.9	21.8	39.9364
47.9	21.9	39.8353
47.9	22	39.7458
47.9	22.1	39.6491
47.9	22.2	39.5337
47.9	22.3	39.404
47.9	22.4	39.278
47.9	22.5	39.1809
47.9	22.6	39.1074
47.9	22.7	39.0437
47.9	22.8	38.9971
47.9	22.9	38.9491
47.8	16	46.6667
47.8	16.1	46.3251
47.8	16.2	45.9464
47.8	16.3	45.6915
47.8	16.4	45.4629
47.8	16.5	45.2836
47.8	16.6	45.1299
47.8	16.7	44.9512
47.8	16.8	44.7701
47.8	16.9	44.6023
47.8	17	44.4345
47.8	17.1	44.2666
47.8	17.2	44.137
47.8	17.3	44.0151
47.8	17.4	43.8955
47.8	17.5	43.8054
47.8	17.6	43.7384
47.8	17.7	43.6896
47.8	17.8	43.6666
47.8	17.9	43.6798
47.8	18	43.717
47.8	18.1	43.7643
47.8	18.2	43.8087
47.8	18.3	43.8523
47.8	18.4	43.8745
47.8	18.5	43.8831
47.8	18.6	43.881
47.8	18.7	43.8949
47.8	18.8	43.9167
47.8	18.9	43.8652
47.8	19	43.8039
47.8	19.1	43.7023
47.8	19.2	43.6186
47.8	19.3	43.501
47.8	19.4	43.3077
47.8	19.5	43.1072
47.8	19.6	42.9305
47.8	19.7	42.8934
47.8	19.8	42.8468
47.8	19.9	42.7365
47.8	20	42.622
47.8	20.1	42.4113
47.8	20.2	42.22
47.8	20.3	42.0581
47.8	20.4	41.8939
47.8	20.5	41.742
47.8	20.6	41.5744
47.8	20.7	41.4054
47.8	20.8	41.2447
47.8	20.9	41.1202
47.8	21	41.0088
47.8	21.1	40.8948
47.8	21.2	40.782
47.8	21.3	40.665
47.8	21.4	40.5377
47.8	21.5	40.4018
47.8	21.6	40.264
47.8	21.7	40.1439
47.8	21.8	40.0385
47.8	21.9	39.9537
47.8	22	39.8828
47.8	22.1	39.8041
47.8	22.2	39.6927
47.8	22.3	39.5666
47.8	22.4	39.45
47.8	22.5	39.3419
47.8	22.6	39.2519
47.8	22.7	39.1864
47.8	22.8	39.1306
47.8	22.9	39.0754
47.7	16	46.7445
47.7	16.1	46.4877
47.7	16.2	46.2765
47.7	16.3	46.098
47.7	16.4	45.8219
47.7	16.5	45.5749
47.7	16.6	45.3249
47.7	16.7	45.0758
47.7	16.8	44.8551
47.7	16.9	44.6872
47.7	17	44.5374
47.7	17.1	44.4073
47.7	17.2	44.2874
47.7	17.3	44.149
47.7	17.4	44.0251
47.7	17.5	43.9411
47.7	17.6	43.8791
47.7	17.7	43.8377
47.7	17.8	43.8202
47.7	17.9	43.8332
47.7	18	43.8847
47.7	18.1	43.9493
47.7	18.2	44.0151
47.7	18.3	44.0896
47.7	18.4	44.1751
47.7	18.5	44.1937
47.7	18.6	44.0843
47.7	18.7	44.0347
47.7	18.8	44.0395
47.7	18.9	44.0426
47.7	19	43.8819
47.7	19.1	43.6717
47.7	19.2	43.5408
47.7	19.3	43.4287
47.7	19.4	43.2175
47.7	19.5	43.0117
47.7	19.6	42.8366
47.7	19.7	42.7307
47.7	19.8	42.5802
47.7	19.9	42.4179
47.7	20	42.2907
47.7	20.1	42.1527
47.7	20.2	42.0153
47.7	20.3	41.8989
47.7	20.4	41.7848
47.7	20.5	41.6738
47.7	20.6	41.5592
47.7	20.7	41.4239
47.7	20.8	41.2935
47.7	20.9	41.1731
47.7	21	41.0555
47.7	21.1	40.9407
47.7	21.2	40.8236
47.7	21.3	40.7073
47.7	21.4	40.5997
47.7	21.5	40.5128
47.7	21.6	40.4159
47.7	21.7	40.3111
47.7	21.8	40.214
47.7	21.9	40.1386
47.7	22	40.0835
47.7	22.1	40.011
47.7	22.2	39.9265
47.7	22.3	39.8341
47.7	22.4	39.7325
47.7	22.5	39.6139
47.7	22.6	39.4989
47.7	22.7	39.4151
47.7	22.8	39.3533
47.7	22.9	39.2948
47.6	16	46.9832
47.6	16.1	46.7459
47.6	16.2	46.5694
47.6	16.3	46.3543
47.6	16.4	46.0664
47.6	16.5	45.7905
47.6	16.6	45.485
47.6	16.7	45.2043
47.6	16.8	45.0045
47.6	16.9	44.8231
47.6	17	44.6718
47.6	17.1	44.5807
47.6	17.2	44.4401
47.6	17.3	44.3034
47.6	17.4	44.1933
47.6	17.5	44.1163
47.6	17.6	44.0744
47.6	17.7	44.0533
47.6	17.8	44.0479
47.6	17.9	44.076
47.6	18	44.1195
47.6	18.1	44.166
47.6	18.2	44.2133
47.6	18.3	44.2386
47.6	18.4	44.2895
47.6	18.5	44.2698
47.6	18.6	44.1838
47.6	18.7	44.0919
47.6	18.8	44.0498
47.6	18.9	44.0034
47.6	19	43.8351
47.6	19.1	43.6014
47.6	19.2	43.4567
47.6	19.3	43.3291
47.6	19.4	43.15
47.6	19.5	42.9589
47.6	19.6	42.7743
47.6	19.7	42.6136
47.6	19.8	42.4783
47.6	19.9	42.3387
47.6	20	42.1998
47.6	20.1	42.0763
47.6	20.2	41.9838
47.6	20.3	41.8995
47.6	20.4	41.809
47.6	20.5	41.7139
47.6	20.6	41.6112
47.6	20.7	41.5017
47.6	20.8	41.3831
47.6	20.9	41.2585
47.6	21	41.1297
47.6	21.1	41.0167
47.6	21.2	40.9176
47.6	21.3	40.818
47.6	21.4	40.7334
47.6	21.5	40.6585
47.6	21.6	40.5843
47.6	21.7	40.4912
47.6	21.8	40.3934
47.6	21.9	40.33
47.6	22	40.2727
47.6	22.1	40.2223
47.6	22.2	40.1599
47.6	22.3	40.0806
47.6	22.4	39.9889
47.6	22.5	39.88
47.6	22.6	39.7882
47.6	22.7	39.7279
47.6	22.8	39.6869
47.6	22.9	39.63
47.5	16	47.1214
47.5	16.1	46.9184
47.5	16.2	46.7011
47.5	16.3	46.4629
47.5	16.4	46.1816
47.5	16.5	45.8942
47.5	16.6	45.6315
47.5	16.7	45.3942
47.5	16.8	45.1823
47.5	16.9	44.9784
47.5	17	44.8382
47.5	17.1	44.7371
47.5	17.2	44.5831
47.5	17.3	44.464
47.5	17.4	44.3821
47.5	17.5	44.3373
47.5	17.6	44.3207
47.5	17.7	44.347
47.5	17.8	44.3516
47.5	17.9	44.3754
47.5	18	44.3937
47.5	18.1	44.4066
47.5	18.2	44.4059
47.5	18.3	44.3746
47.5	18.4	44.392
47.5	18.5	44.3045
47.5	18.6	44.1555
47.5	18.7	44.0303
47.5	18.8	43.9375
47.5	18.9	43.917
47.5	19	43.7717
47.5	19.1	43.5312
47.5	19.2	43.375
47.5	19.3	43.2255
47.5	19.4	43.0694
47.5	19.5	42.9073
47.5	19.6	42.7437
47.5	19.7	42.6027
47.5	19.8	42.4647
47.5	19.9	42.3398
47.5	20	42.2005
47.5	20.1	42.0796
47.5	20.2	42.0055
47.5	20.3	41.9485
47.5	20.4	41.8871
47.5	20.5	41.8014
47.5	20.6	41.6924
47.5	20.7	41.5779
47.5	20.8	41.4736
47.5	20.9	41.3509
47.5	21	41.2185
47.5	21.1	41.1072
47.5	21.2	41.0217
47.5	21.3	40.9524
47.5	21.4	40.8931
47.5	21.5	40.8182
47.5	21.6	40.741
47.5	21.7	40.6682
47.5	21.8	40.5909
47.5	21.9	40.5327
47.5	22	40.4833
47.5	22.1	40.4241
47.5	22.2	40.3698
47.5	22.3	40.3149
47.5	22.4	40.2639
47.5	22.5	40.2128
47.5	22.6	40.1673
47.5	22.7	40.1205
47.5	22.8	40.0338
47.5	22.9	39.9391
47.4	16	46.9797
47.4	16.1	46.8255
47.4	16.2	46.6531
47.4	16.3	46.5056
47.4	16.4	46.3133
47.4	16.5	46.0506
47.4	16.6	45.7273
47.4	16.7	45.4599
47.4	16.8	45.274
47.4	16.9	45.1053
47.4	17	44.9807
47.4	17.1	44.821
47.4	17.2	44.6827
47.4	17.3	44.606
47.4	17.4	44.5845
47.4	17.5	44.5924
47.4	17.6	44.6278
47.4	17.7	44.6804
47.4	17.8	44.7255
47.4	17.9	44.723
47.4	18	44.6744
47.4	18.1	44.6068
47.4	18.2	44.5368
47.4	18.3	44.5308
47.4	18.4	44.4082
47.4	18.5	44.2182
47.4	18.6	44.0965
47.4	18.7	43.9594
47.4	18.8	43.823
47.4	18.9	43.7119
47.4	19	43.5533
47.4	19.1	43.3901
47.4	19.2	43.2288
47.4	19.3	43.1046
47.4	19.4	42.9934
47.4	19.5	42.8774
47.4	19.6	42.7376
47.4	19.7	42.6068
47.4	19.8	42.4752
47.4	19.9	42.3374
47.4	20	42.2154
47.4	20.1	42.1403
47.4	20.2	42.0886
47.4	20.3	42.0361
47.4	20.4	41.9652
47.4	20.5	41.8722
47.4	20.6	41.7587
47.4	20.7	41.6425
47.4	20.8	41.5377
47.4	20.9	41.4283
47.4	21	41.319
47.4	21.1	41.234
47.4	21.2	41.149
47.4	21.3	41.0673
47.4	21.4	41.009
47.4	21.5	40.9506
47.4	21.6	40.8734
47.4	21.7	40.8108
47.4	21.8	40.7734
47.4	21.9	40.7491
47.4	22	40.7107
47.4	22.1	40.6564
47.4	22.2	40.6067
47.4	22.3	40.5854
47.4	22.4	40.6019
47.4	22.5	40.6077
47.4	22.6	40.5916
47.4	22.7	40.5285
47.4	22.8	40.3923
47.4	22.9	40.2628
47.3	16	46.8339
47.3	16.1	46.6277
47.3	16.2	46.4482
47.3	16.3	46.3479
47.3	16.4	46.2411
47.3	16.5	46.0188
47.3	16.6	45.7368
47.3	16.7	45.5038
47.3	16.8	45.3328
47.3	16.9	45.1873
47.3	17	45.0396
47.3	17.1	44.8997
47.3	17.2	44.7813
47.3	17.3	44.7232
47.3	17.4	44.7552
47.3	17.5	44.8549
47.3	17.6	44.96
47.3	17.7	45.0464
47.3	17.8	45.0869
47.3	17.9	45.0221
47.3	18	44.8909
47.3	18.1	44.7834
47.3	18.2	44.6482
47.3	18.3	44.4833
47.3	18.4	44.32
47.3	18.5	44.1824
47.3	18.6	44.0662
47.3	18.7	43.8844
47.3	18.8	43.6987
47.3	18.9	43.5609
47.3	19	43.416
47.3	19.1	43.2817
47.3	19.2	43.1749
47.3	19.3	43.0818
47.3	19.4	42.9795
47.3	19.5	42.866
47.3	19.6	42.7464
47.3	19.7	42.5965
47.3	19.8	42.4623
47.3	19.9	42.3674
47.3	20	42.2869
47.3	20.1	42.2224
47.3	20.2	42.1606
47.3	20.3	42.0883
47.3	20.4	42.0101
47.3	20.5	41.919
47.3	20.6	41.8196
47.3	20.7	41.7181
47.3	20.8	41.6235
47.3	20.9	41.5256
47.3	21	41.4264
47.3	21.1	41.3573
47.3	21.2	41.2898
47.3	21.3	41.213
47.3	21.4	41.1343
47.3	21.5	41.0648
47.3	21.6	40.998
47.3	21.7	40.9558
47.3	21.8	40.9682
47.3	21.9	40.978
47.3	22	40.9426
47.3	22.1	40.9082
47.3	22.2	40.8904
47.3	22.3	40.9021
47.3	22.4	40.9457
47.3	22.5	40.9698
47.3	22.6	40.9382
47.3	22.7	40.8515
47.3	22.8	40.7306
47.3	22.9	40.5822
47.2	16	46.7053
47.2	16.1	46.5072
47.2	16.2	46.3703
47.2	16.3	46.2603
47.2	16.4	46.1204
47.2	16.5	45.912
47.2	16.6	45.6535
47.2	16.7	45.4616
47.2	16.8	45.3199
47.2	16.9	45.2043
47.2	17	45.1183
47.2	17.1	45.0319
47.2	17.2	44.9201
47.2	17.3	44.8677
47.2	17.4	44.9423
47.2	17.5	45.0758
47.2	17.6	45.1801
47.2	17.7	45.2412
47.2	17.8	45.2374
47.2	17.9	45.1404
47.2	18	44.9883
47.2	18.1	44.8031
47.2	18.2	44.611
47.2	18.3	44.4458
47.2	18.4	44.272
47.2	18.5	44.1264
47.2	18.6	44.005
47.2	18.7	43.8447
47.2	18.8	43.6242
47.2	18.9	43.4747
47.2	19	43.3853
47.2	19.1	43.3292
47.2	19.2	43.247
47.2	19.3	43.0804
47.2	19.4	42.9152
47.2	19.5	42.7943
47.2	19.6	42.6908
47.2	19.7	42.612
47.2	19.8	42.5331
47.2	19.9	42.4636
47.2	20	42.3765
47.2	20.1	42.2853
47.2	20.2	42.1984
47.2	20.3	42.119
47.2	20.4	42.0392
47.2	20.5	41.9568
47.2	20.6	41.877
47.2	20.7	41.8049
47.2	20.8	41.7283
47.2	20.9	41.65
47.2	21	41.5607
47.2	21.1	41.4909
47.2	21.2	41.4463
47.2	21.3	41.3724
47.2	21.4	41.2882
47.2	21.5	41.2266
47.2	21.6	41.1754
47.2	21.7	41.1453
47.2	21.8	41.1494
47.2	21.9	41.1535
47.2	22	41.1601
47.2	22.1	41.1842
47.2	22.2	41.2361
47.2	22.3	41.322
47.2	22.4	41.4006
47.2	22.5	41.3947
47.2	22.6	41.3006
47.2	22.7	41.1553
47.2	22.8	41.0287
47.2	22.9	40.8828
47.1	16	46.6104
47.1	16.1	46.4296
47.1	16.2	46.3356
47.1	16.3	46.2399
47.1	16.4	46.0468
47.1	16.5	45.7809
47.1	16.6	45.5575
47.1	16.7	45.3913
47.1	16.8	45.2736
47.1	16.9	45.2127
47.1	17	45.1836
47.1	17.1	45.1684
47.1	17.2	45.1262
47.1	17.3	45.0973
47.1	17.4	45.1272
47.1	17.5	45.2122
47.1	17.6	45.3255
47.1	17.7	45.3578
47.1	17.8	45.2745
47.1	17.9	45.1141
47.1	18	44.9377
47.1	18.1	44.7484
47.1	18.2	44.592
47.1	18.3	44.4288
47.1	18.4	44.2089
47.1	18.5	44.092
47.1	18.6	43.9894
47.1	18.7	43.8207
47.1	18.8	43.6204
47.1	18.9	43.4794
47.1	19	43.4131
47.1	19.1	43.3419
47.1	19.2	43.2347
47.1	19.3	43.0742
47.1	19.4	42.9516
47.1	19.5	42.8684
47.1	19.6	42.806
47.1	19.7	42.724
47.1	19.8	42.6484
47.1	19.9	42.558
47.1	20	42.4425
47.1	20.1	42.326
47.1	20.2	42.2306
47.1	20.3	42.1432
47.1	20.4	42.0584
47.1	20.5	41.9793
47.1	20.6	41.9274
47.1	20.7	41.882
47.1	20.8	41.8235
47.1	20.9	41.7492
47.1	21	41.6696
47.1	21.1	41.608
47.1	21.2	41.5466
47.1	21.3	41.4775
47.1	21.4	41.4282
47.1	21.5	41.4023
47.1	21.6	41.3864
47.1	21.7	41.3565
47.1	21.8	41.3267
47.1	21.9	41.3517
47.1	22	41.398
47.1	22.1	41.4358
47.1	22.2	41.4906
47.1	22.3	41.5908
47.1	22.4	41.6982
47.1	22.5	41.737
47.1	22.6	41.7079
47.1	22.7	41.5762
47.1	22.8	41.4201
47.1	22.9	41.2674
47	16	46.579
47	16.1	46.4177
47	16.2	46.2977
47	16.3	46.1766
47	16.4	45.9417
47	16.5	45.6784
47	16.6	45.492
47	16.7	45.3657
47	16.8	45.2846
47	16.9	45.2533
47	17	45.2125
47	17.1	45.2056
47	17.2	45.211
47	17.3	45.2614
47	17.4	45.2972
47	17.5	45.3498
47	17.6	45.357
47	17.7	45.3092
47	17.8	45.2236
47	17.9	45.0736
47	18	44.8823
47	18.1	44.7042
47	18.2	44.5313
47	18.3	44.3245
47	18.4	44.182
47	18.5	44.0745
47	18.6	43.975
47	18.7	43.8304
47	18.8	43.6917
47	18.9	43.563
47	19	43.4559
47	19.1	43.3673
47	19.2	43.2761
47	19.3	43.1812
47	19.4	43.1268
47	19.5	43.0403
47	19.6	42.9199
47	19.7	42.817
47	19.8	42.7355
47	19.9	42.6146
47	20	42.4944
47	20.1	42.3748
47	20.2	42.2637
47	20.3	42.1756
47	20.4	42.0936
47	20.5	42.0192
47	20.6	41.9652
47	20.7	41.9189
47	20.8	41.8653
47	20.9	41.8078
47	21	41.7522
47	21.1	41.6948
47	21.2	41.6308
47	21.3	41.5676
47	21.4	41.5367
47	21.5	41.5149
47	21.6	41.4918
47	21.7	41.4636
47	21.8	41.4612
47	21.9	41.5154
47	22	41.5886
47	22.1	41.6463
47	22.2	41.7089
47	22.3	41.812
47	22.4	41.9067
47	22.5	41.9683
47	22.6	41.9674
47	22.7	41.9388
47	22.8	41.8393
47	22.9	41.692
46.9	16	46.5777
46.9	16.1	46.4491
46.9	16.2	46.2533
46.9	16.3	46.0401
46.9	16.4	45.7893
46.9	16.5	45.5954
46.9	16.6	45.4596
46.9	16.7	45.3538
46.9	16.8	45.2851
46.9	16.9	45.2697
46.9	17	45.2909
46.9	17.1	45.266
46.9	17.2	45.2684
46.9	17.3	45.2967
46.9	17.4	45.2889
46.9	17.5	45.2769
46.9	17.6	45.2628
46.9	17.7	45.1853
46.9	17.8	45.051
46.9	17.9	44.9093
46.9	18	44.77
46.9	18.1	44.6001
46.9	18.2	44.4136
46.9	18.3	44.264
46.9	18.4	44.127
46.9	18.5	43.9938
46.9	18.6	43.8981
46.9	18.7	43.8541
46.9	18.8	43.745
46.9	18.9	43.6424
46.9	19	43.5518
46.9	19.1	43.4617
46.9	19.2	43.3818
46.9	19.3	43.2989
46.9	19.4	43.2053
46.9	19.5	43.0887
46.9	19.6	42.9548
46.9	19.7	42.8558
46.9	19.8	42.7736
46.9	19.9	42.6506
46.9	20	42.5251
46.9	20.1	42.4017
46.9	20.2	42.2997
46.9	20.3	42.2068
46.9	20.4	42.1298
46.9	20.5	42.0567
46.9	20.6	42.0062
46.9	20.7	41.9614
46.9	20.8	41.915
46.9	20.9	41.8706
46.9	21	41.8276
46.9	21.1	41.7834
46.9	21.2	41.7285
46.9	21.3	41.6767
46.9	21.4	41.6328
46.9	21.5	41.5871
46.9	21.6	41.5565
46.9	21.7	41.538
46.9	21.8	41.5439
46.9	21.9	41.5881
46.9	22	41.6581
46.9	22.1	41.7246
46.9	22.2	41.8099
46.9	22.3	41.9687
46.9	22.4	42.1366
46.9	22.5	42.2484
46.9	22.6	42.3043
46.9	22.7	42.3176
46.9	22.8	42.2495
46.9	22.9	42.1159
46.8	16	46.5154
46.8	16.1	46.3433
46.8	16.2	46.1196
46.8	16.3	45.8776
46.8	16.4	45.661
46.8	16.5	45.5126
46.8	16.6	45.4119
46.8	16.7	45.3334
46.8	16.8	45.2493
46.8	16.9	45.2355
46.8	17	45.2613
46.8	17.1	45.2785
46.8	17.2	45.2794
46.8	17.3	45.2998
46.8	17.4	45.2056
46.8	17.5	45.1702
46.8	17.6	45.1051
46.8	17.7	45.0029
46.8	17.8	44.8835
46.8	17.9	44.7848
46.8	18	44.6522
46.8	18.1	44.5014
46.8	18.2	44.3527
46.8	18.3	44.2204
46.8	18.4	44.1208
46.8	18.5	44.0756
46.8	18.6	43.9531
46.8	18.7	43.8685
46.8	18.8	43.8383
46.8	18.9	43.7406
46.8	19	43.6529
46.8	19.1	43.5517
46.8	19.2	43.4426
46.8	19.3	43.336
46.8	19.4	43.245
46.8	19.5	43.1329
46.8	19.6	43.0004
46.8	19.7	42.8836
46.8	19.8	42.7716
46.8	19.9	42.6474
46.8	20	42.532
46.8	20.1	42.4242
46.8	20.2	42.3328
46.8	20.3	42.2522
46.8	20.4	42.1716
46.8	20.5	42.106
46.8	20.6	42.0577
46.8	20.7	42.0112
46.8	20.8	41.9709
46.8	20.9	41.9376
46.8	21	41.9118
46.8	21.1	41.8857
46.8	21.2	41.8616
46.8	21.3	41.8318
46.8	21.4	41.7909
46.8	21.5	41.731
46.8	21.6	41.6765
46.8	21.7	41.6399
46.8	21.8	41.633
46.8	21.9	41.6682
46.8	22	41.7127
46.8	22.1	41.7584
46.8	22.2	41.8181
46.8	22.3	41.9379
46.8	22.4	42.1372
46.8	22.5	42.3747
46.8	22.6	42.5776
46.8	22.7	42.7006
46.8	22.8	42.6642
46.8	22.9	42.572
46.7	16	46.3352
46.7	16.1	46.1398
46.7	16.2	45.9287
46.7	16.3	45.7375
46.7	16.4	45.5691
46.7	16.5	45.43
46.7	16.6	45.3426
46.7	16.7	45.2703
46.7	16.8	45.2082
46.7	16.9	45.1639
46.7	17	45.1622
46.7	17.1	45.1506
46.7	17.2	45.1139
46.7	17.3	45.0809
46.7	17.4	45.0209
46.7	17.5	44.9585
46.7	17.6	44.8912
46.7	17.7	44.8225
46.7	17.8	44.7191
46.7	17.9	44.6083
46.7	18	44.512
46.7	18.1	44.4047
46.7	18.2	44.2864
46.7	18.3	44.2095
46.7	18.4	44.226
46.7	18.5	44.2174
46.7	18.6	44.0944
46.7	18.7	44.0372
46.7	18.8	43.9666
46.7	18.9	43.8409
46.7	19	43.7483
46.7	19.1	43.6393
46.7	19.2	43.501
46.7	19.3	43.3882
46.7	19.4	43.2868
46.7	19.5	43.1701
46.7	19.6	43.0513
46.7	19.7	42.9373
46.7	19.8	42.8102
46.7	19.9	42.6941
46.7	20	42.5918
46.7	20.1	42.4972
46.7	20.2	42.4095
46.7	20.3	42.3307
46.7	20.4	42.2641
46.7	20.5	42.1988
46.7	20.6	42.138
46.7	20.7	42.0868
46.7	20.8	42.0415
46.7	20.9	42.0143
46.7	21	42.0048
46.7	21.1	42.002
46.7	21.2	42.009
46.7	21.3	42.0126
46.7	21.4	41.9933
46.7	21.5	41.9383
46.7	21.6	41.8746
46.7	21.7	41.8215
46.7	21.8	41.8024
46.7	21.9	41.8323
46.7	22	41.8863
46.7	22.1	41.9612
46.7	22.2	41.9972
46.7	22.3	42.0002
46.7	22.4	42.109
46.7	22.5	42.3928
46.7	22.6	42.7319
46.7	22.7	43.0146
46.7	22.8	43.108
46.7	22.9	43.0118
46.6	16	46.2422
46.6	16.1	46.051
46.6	16.2	45.8579
46.6	16.3	45.6822
46.6	16.4	45.5304
46.6	16.5	45.4239
46.6	16.6	45.3288
46.6	16.7	45.2602
46.6	16.8	45.2027
46.6	16.9	45.1467
46.6	17	45.0983
46.6	17.1	45.0379
46.6	17.2	44.9575
46.6	17.3	44.8811
46.6	17.4	44.7993
46.6	17.5	44.735
46.6	17.6	44.6852
46.6	17.7	44.6332
46.6	17.8	44.6046
46.6	17.9	44.5795
46.6	18	44.5315
46.6	18.1	44.4385
46.6	18.2	44.3241
46.6	18.3	44.283
46.6	18.4	44.256
46.6	18.5	44.1893
46.6	18.6	44.0866
46.6	18.7	44.045
46.6	18.8	43.9578
46.6	18.9	43.8721
46.6	19	43.7956
46.6	19.1	43.7063
46.6	19.2	43.5953
46.6	19.3	43.4994
46.6	19.4	43.413
46.6	19.5	43.3084
46.6	19.6	43.1974
46.6	19.7	43.0816
46.6	19.8	42.9617
46.6	19.9	42.8602
46.6	20	42.7562
46.6	20.1	42.6511
46.6	20.2	42.5517
46.6	20.3	42.4587
46.6	20.4	42.3729
46.6	20.5	42.2912
46.6	20.6	42.2154
46.6	20.7	42.1523
46.6	20.8	42.1056
46.6	20.9	42.0796
46.6	21	42.0692
46.6	21.1	42.0767
46.6	21.2	42.1086
46.6	21.3	42.1462
46.6	21.4	42.1646
46.6	21.5	42.1446
46.6	21.6	42.0929
46.6	21.7	42.0201
46.6	21.8	41.9526
46.6	21.9	41.9528
46.6	22	42.0406
46.6	22.1	42.205
46.6	22.2	42.3207
46.6	22.3	42.3041
46.6	22.4	42.2746
46.6	22.5	42.4322
46.6	22.6	42.798
46.6	22.7	43.1307
46.6	22.8	43.2938
46.6	22.9	43.2772
46.5	16	46.188
46.5	16.1	46.0175
46.5	16.2	45.8442
46.5	16.3	45.6876
46.5	16.4	45.5547
46.5	16.5	45.4348
46.5	16.6	45.3245
46.5	16.7	45.2417
46.5	16.8	45.1659
46.5	16.9	45.0941
46.5	17	45.0227
46.5	17.1	44.945
46.5	17.2	44.8375
46.5	17.3	44.74
46.5	17.4	44.6499
46.5	17.5	44.5733
46.5	17.6	44.5377
46.5	17.7	44.5316
46.5	17.8	44.5417
46.5	17.9	44.5678
46.5	18	44.5554
46.5	18.1	44.4884
46.5	18.2	44.4311
46.5	18.3	44.377
46.5	18.4	44.3139
46.5	18.5	44.2426
46.5	18.6	44.1742
46.5	18.7	44.1386
46.5	18.8	44.083
46.5	18.9	44.0024
46.5	19	43.9268
46.5	19.1	43.8416
46.5	19.2	43.737
46.5	19.3	43.66
46.5	19.4	43.5759
46.5	19.5	43.4747
46.5	19.6	43.3807
46.5	19.7	43.2827
46.5	19.8	43.1818
46.5	19.9	43.0806
46.5	20	42.9629
46.5	20.1	42.8378
46.5	20.2	42.7188
46.5	20.3	42.6022
46.5	20.4	42.4902
46.5	20.5	42.3863
46.5	20.6	42.2863
46.5	20.7	42.21
46.5	20.8	42.1653
46.5	20.9	42.1343
46.5	21	42.1173
46.5	21.1	42.1158
46.5	21.2	42.1365
46.5	21.3	42.1754
46.5	21.4	42.2119
46.5	21.5	42.2248
46.5	21.6	42.1902
46.5	21.7	42.1025
46.5	21.8	42.0297
46.5	21.9	42.0109
46.5	22	42.0568
46.5	22.1	42.2016
46.5	22.2	42.3409
46.5	22.3	42.4597
46.5	22.4	42.5002
46.5	22.5	42.6215
46.5	22.6	42.8803
46.5	22.7	43.1366
46.5	22.8	43.2926
46.5	22.9	43.3405
46.4	16	46.1597
46.4	16.1	46.0071
46.4	16.2	45.8322
46.4	16.3	45.676
46.4	16.4	45.5378
46.4	16.5	45.398
46.4	16.6	45.256
46.4	16.7	45.1428
46.4	16.8	45.0785
46.4	16.9	45.0433
46.4	17	45.0052
46.4	17.1	44.9475
46.4	17.2	44.8562
46.4	17.3	44.7527
46.4	17.4	44.6475
46.4	17.5	44.5724
46.4	17.6	44.5392
46.4	17.7	44.5353
46.4	17.8	44.5468
46.4	17.9	44.5491
46.4	18	44.5363
46.4	18.1	44.5224
46.4	18.2	44.544
46.4	18.3	44.5279
46.4	18.4	44.4382
46.4	18.5	44.3467
46.4	18.6	44.2977
46.4	18.7	44.2624
46.4	18.8	44.225
46.4	18.9	44.1207
46.4	19	44.0428
46.4	19.1	43.9781
46.4	19.2	43.9232
46.4	19.3	43.8832
46.4	19.4	43.7571
46.4	19.5	43.633
46.4	19.6	43.5378
46.4	19.7	43.4456
46.4	19.8	43.3437
46.4	19.9	43.2414
46.4	20	43.1327
46.4	20.1	42.9974
46.4	20.2	42.8708
46.4	20.3	42.7529
46.4	20.4	42.6318
46.4	20.5	42.5094
46.4	20.6	42.3947
46.4	20.7	42.318
46.4	20.8	42.2679
46.4	20.9	42.2194
46.4	21	42.1951
46.4	21.1	42.1815
46.4	21.2	42.1721
46.4	21.3	42.1817
46.4	21.4	42.2015
46.4	21.5	42.2235
46.4	21.6	42.2391
46.4	21.7	42.2325
46.4	21.8	42.2015
46.4	21.9	42.1722
46.4	22	42.1535
46.4	22.1	42.1852
46.4	22.2	42.31
46.4	22.3	42.4991
46.4	22.4	42.6024
46.4	22.5	42.7035
46.4	22.6	42.9109
46.4	22.7	43.1737
46.4	22.8	43.2925
46.4	22.9	43.2611
46.3	16	46.1146
46.3	16.1	45.976
46.3	16.2	45.8095
46.3	16.3	45.6569
46.3	16.4	45.5138
46.3	16.5	45.3708
46.3	16.6	45.2539
46.3	16.7	45.1612
46.3	16.8	45.1002
46.3	16.9	45.0568
46.3	17	44.9898
46.3	17.1	44.8856
46.3	17.2	44.7846
46.3	17.3	44.7116
46.3	17.4	44.6622
46.3	17.5	44.6249
46.3	17.6	44.6068
46.3	17.7	44.6342
46.3	17.8	44.6714
46.3	17.9	44.6741
46.3	18	44.6569
46.3	18.1	44.6429
46.3	18.2	44.6791
46.3	18.3	44.7093
46.3	18.4	44.6354
46.3	18.5	44.5276
46.3	18.6	44.4852
46.3	18.7	44.4387
46.3	18.8	44.3394
46.3	18.9	44.2525
46.3	19	44.1906
46.3	19.1	44.1542
46.3	19.2	44.0794
46.3	19.3	43.9885
46.3	19.4	43.8738
46.3	19.5	43.7884
46.3	19.6	43.7077
46.3	19.7	43.5758
46.3	19.8	43.4299
46.3	19.9	43.3092
46.3	20	43.1911
46.3	20.1	43.0814
46.3	20.2	42.9899
46.3	20.3	42.8939
46.3	20.4	42.7806
46.3	20.5	42.6513
46.3	20.6	42.5321
46.3	20.7	42.447
46.3	20.8	42.3921
46.3	20.9	42.3586
46.3	21	42.3534
46.3	21.1	42.3552
46.3	21.2	42.3358
46.3	21.3	42.3192
46.3	21.4	42.3261
46.3	21.5	42.3724
46.3	21.6	42.4595
46.3	21.7	42.5328
46.3	21.8	42.5158
46.3	21.9	42.4925
46.3	22	42.4742
46.3	22.1	42.475
46.3	22.2	42.5054
46.3	22.3	42.5564
46.3	22.4	42.6302
46.3	22.5	42.6834
46.3	22.6	42.7971
46.3	22.7	42.9896
46.3	22.8	43.0952
46.3	22.9	43.0903
46.2	16	46.0596
46.2	16.1	45.9266
46.2	16.2	45.7743
46.2	16.3	45.6326
46.2	16.4	45.5072
46.2	16.5	45.3971
46.2	16.6	45.2994
46.2	16.7	45.2159
46.2	16.8	45.1373
46.2	16.9	45.0388
46.2	17	44.9304
46.2	17.1	44.8309
46.2	17.2	44.7592
46.2	17.3	44.71
46.2	17.4	44.6915
46.2	17.5	44.6609
46.2	17.6	44.6401
46.2	17.7	44.6645
46.2	17.8	44.6867
46.2	17.9	44.7216
46.2	18	44.7842
46.2	18.1	44.7832
46.2	18.2	44.8079
46.2	18.3	44.8663
46.2	18.4	44.8535
46.2	18.5	44.7406
46.2	18.6	44.661
46.2	18.7	44.5447
46.2	18.8	44.4434
46.2	18.9	44.3202
46.2	19	44.263
46.2	19.1	44.2118
46.2	19.2	44.0876
46.2	19.3	43.9936
46.2	19.4	43.9578
46.2	19.5	43.9356
46.2	19.6	43.8286
46.2	19.7	43.6703
46.2	19.8	43.5181
46.2	19.9	43.3704
46.2	20	43.2327
46.2	20.1	43.1214
46.2	20.2	43.0398
46.2	20.3	42.9826
46.2	20.4	42.9073
46.2	20.5	42.7893
46.2	20.6	42.6717
46.2	20.7	42.5904
46.2	20.8	42.5605
46.2	20.9	42.5556
46.2	21	42.5631
46.2	21.1	42.5696
46.2	21.2	42.5569
46.2	21.3	42.5424
46.2	21.4	42.5547
46.2	21.5	42.625
46.2	21.6	42.7557
46.2	21.7	42.8537
46.2	21.8	42.8828
46.2	21.9	42.884
46.2	22	42.8769
46.2	22.1	42.8867
46.2	22.2	42.8718
46.2	22.3	42.8573
46.2	22.4	42.8997
46.2	22.5	42.8818
46.2	22.6	42.8331
46.2	22.7	42.8085
46.2	22.8	42.8538
46.2	22.9	42.8809
46.1	16	45.9696
46.1	16.1	45.8422
46.1	16.2	45.7064
46.1	16.3	45.5893
46.1	16.4	45.4884
46.1	16.5	45.4006
46.1	16.6	45.3217
46.1	16.7	45.255
46.1	16.8	45.1779
46.1	16.9	45.0844
46.1	17	44.9858
46.1	17.1	44.8896
46.1	17.2	44.8112
46.1	17.3	44.7638
46.1	17.4	44.7409
46.1	17.5	44.7056
46.1	17.6	44.6629
46.1	17.7	44.6296
46.1	17.8	44.6368
46.1	17.9	44.7013
46.1	18	44.7677
46.1	18.1	44.8496
46.1	18.2	44.8709
46.1	18.3	44.7863
46.1	18.4	44.6998
46.1	18.5	44.657
46.1	18.6	44.5822
46.1	18.7	44.5388
46.1	18.8	44.478
46.1	18.9	44.3344
46.1	19	44.227
46.1	19.1	44.1742
46.1	19.2	44.1051
46.1	19.3	44.0701
46.1	19.4	44.0473
46.1	19.5	43.9772
46.1	19.6	43.8635
46.1	19.7	43.7332
46.1	19.8	43.5941
46.1	19.9	43.442
46.1	20	43.2943
46.1	20.1	43.1748
46.1	20.2	43.0793
46.1	20.3	43.0166
46.1	20.4	42.9694
46.1	20.5	42.898
46.1	20.6	42.8044
46.1	20.7	42.7378
46.1	20.8	42.7142
46.1	20.9	42.7189
46.1	21	42.7202
46.1	21.1	42.7222
46.1	21.2	42.7242
46.1	21.3	42.7274
46.1	21.4	42.7293
46.1	21.5	42.7753
46.1	21.6	42.8734
46.1	21.7	42.9859
46.1	21.8	43.0541
46.1	21.9	43.0806
46.1	22	43.0861
46.1	22.1	43.089
46.1	22.2	43.1128
46.1	22.3	43.1465
46.1	22.4	43.141
46.1	22.5	43.1027
46.1	22.6	43.0256
46.1	22.7	42.9126
46.1	22.8	42.8288
46.1	22.9	42.818
46	16	45.8722
46	16.1	45.747
46	16.2	45.6279
46	16.3	45.5326
46	16.4	45.4514
46	16.5	45.3888
46	16.6	45.3442
46	16.7	45.3049
46	16.8	45.2437
46	16.9	45.1597
46	17	45.0722
46	17.1	44.986
46	17.2	44.9055
46	17.3	44.8286
46	17.4	44.7708
46	17.5	44.7242
46	17.6	44.6697
46	17.7	44.617
46	17.8	44.5921
46	17.9	44.583
46	18	44.6022
46	18.1	44.6781
46	18.2	44.6814
46	18.3	44.6316
46	18.4	44.5951
46	18.5	44.5824
46	18.6	44.5382
46	18.7	44.4929
46	18.8	44.4425
46	18.9	44.3635
46	19	44.2381
46	19.1	44.1757
46	19.2	44.1744
46	19.3	44.1327
46	19.4	44.0534
46	19.5	43.9688
46	19.6	43.8691
46	19.7	43.7464
46	19.8	43.6116
46	19.9	43.4679
46	20	43.3419
46	20.1	43.2333
46	20.2	43.1383
46	20.3	43.066
46	20.4	43.0256
46	20.5	42.9813
46	20.6	42.9226
46	20.7	42.854
46	20.8	42.8113
46	20.9	42.789
46	21	42.7788
46	21.1	42.785
46	21.2	42.8053
46	21.3	42.8279
46	21.4	42.8217
46	21.5	42.8458
46	21.6	42.9269
46	21.7	43.0372
46	21.8	43.1357
46	21.9	43.2052
46	22	43.2188
46	22.1	43.2175
46	22.2	43.2143
46	22.3	43.2245
46	22.4	43.2116
46	22.5	43.1758
46	22.6	43.1083
46	22.7	42.9996
46	22.8	42.9043
46	22.9	42.8396
45.9	16	45.7986
45.9	16.1	45.6782
45.9	16.2	45.5707
45.9	16.3	45.4907
45.9	16.4	45.4393
45.9	16.5	45.4135
45.9	16.6	45.3956
45.9	16.7	45.3769
45.9	16.8	45.3361
45.9	16.9	45.2744
45.9	17	45.2075
45.9	17.1	45.1381
45.9	17.2	45.0635
45.9	17.3	44.974
45.9	17.4	44.8713
45.9	17.5	44.7737
45.9	17.6	44.6851
45.9	17.7	44.6221
45.9	17.8	44.579
45.9	17.9	44.5544
45.9	18	44.5681
45.9	18.1	44.6104
45.9	18.2	44.6253
45.9	18.3	44.6269
45.9	18.4	44.5945
45.9	18.5	44.5546
45.9	18.6	44.5272
45.9	18.7	44.4896
45.9	18.8	44.4179
45.9	18.9	44.3276
45.9	19	44.2523
45.9	19.1	44.1988
45.9	19.2	44.1742
45.9	19.3	44.1221
45.9	19.4	44.0435
45.9	19.5	43.9544
45.9	19.6	43.8577
45.9	19.7	43.7496
45.9	19.8	43.6266
45.9	19.9	43.5047
45.9	20	43.3935
45.9	20.1	43.2911
45.9	20.2	43.2006
45.9	20.3	43.1325
45.9	20.4	43.0905
45.9	20.5	43.0479
45.9	20.6	42.9916
45.9	20.7	42.9241
45.9	20.8	42.8671
45.9	20.9	42.8314
45.9	21	42.8179
45.9	21.1	42.8274
45.9	21.2	42.8593
45.9	21.3	42.9001
45.9	21.4	42.9215
45.9	21.5	42.9378
45.9	21.6	42.9767
45.9	21.7	43.0382
45.9	21.8	43.1234
45.9	21.9	43.204
45.9	22	43.2464
45.9	22.1	43.2518
45.9	22.2	43.261
45.9	22.3	43.2972
45.9	22.4	43.3397
45.9	22.5	43.3417
45.9	22.6	43.2861
45.9	22.7	43.1891
45.9	22.8	43.027
45.9	22.9	42.8547
45.8	16	45.7575
45.8	16.1	45.6341
45.8	16.2	45.5381
45.8	16.3	45.4881
45.8	16.4	45.4707
45.8	16.5	45.4675
45.8	16.6	45.4711
45.8	16.7	45.4736
45.8	16.8	45.4667
45.8	16.9	45.4393
45.8	17	45.3964
45.8	17.1	45.3422
45.8	17.2	45.2712
45.8	17.3	45.1803
45.8	17.4	45.0675
45.8	17.5	44.9515
45.8	17.6	44.8439
45.8	17.7	44.7592
45.8	17.8	44.6824
45.8	17.9	44.6117
45.8	18	44.5744
45.8	18.1	44.5782
45.8	18.2	44.6085
45.8	18.3	44.6217
45.8	18.4	44.6062
45.8	18.5	44.5466
45.8	18.6	44.4914
45.8	18.7	44.467
45.8	18.8	44.4294
45.8	18.9	44.3752
45.8	19	44.3174
45.8	19.1	44.2609
45.8	19.2	44.2031
45.8	19.3	44.1356
45.8	19.4	44.0566
45.8	19.5	43.9689
45.8	19.6	43.8736
45.8	19.7	43.7725
45.8	19.8	43.6675
45.8	19.9	43.561
45.8	20	43.4555
45.8	20.1	43.3554
45.8	20.2	43.2632
45.8	20.3	43.1882
45.8	20.4	43.1277
45.8	20.5	43.0754
45.8	20.6	43.0247
45.8	20.7	42.9697
45.8	20.8	42.9217
45.8	20.9	42.8938
45.8	21	42.8752
45.8	21.1	42.8733
45.8	21.2	42.8883
45.8	21.3	42.9177
45.8	21.4	42.9308
45.8	21.5	42.9278
45.8	21.6	42.9118
45.8	21.7	42.9043
45.8	21.8	42.9434
45.8	21.9	43.0383
45.8	22	43.1641
45.8	22.1	43.2867
45.8	22.2	43.3942
45.8	22.3	43.5283
45.8	22.4	43.6695
45.8	22.5	43.7371
45.8	22.6	43.6972
45.8	22.7	43.5065
45.8	22.8	43.2313
45.8	22.9	42.9738
45.7	16	45.7458
45.7	16.1	45.626
45.7	16.2	45.5412
45.7	16.3	45.5098
45.7	16.4	45.5214
45.7	16.5	45.5432
45.7	16.6	45.566
45.7	16.7	45.5869
45.7	16.8	45.6058
45.7	16.9	45.6161
45.7	17	45.6051
45.7	17.1	45.5696
45.7	17.2	45.5161
45.7	17.3	45.4339
45.7	17.4	45.3292
45.7	17.5	45.2258
45.7	17.6	45.1395
45.7	17.7	45.0583
45.7	17.8	44.9648
45.7	17.9	44.8652
45.7	18	44.7754
45.7	18.1	44.705
45.7	18.2	44.6874
45.7	18.3	44.6855
45.7	18.4	44.6696
45.7	18.5	44.6213
45.7	18.6	44.5528
45.7	18.7	44.5142
45.7	18.8	44.4791
45.7	18.9	44.4292
45.7	19	44.3776
45.7	19.1	44.3218
45.7	19.2	44.2616
45.7	19.3	44.194
45.7	19.4	44.1142
45.7	19.5	44.0282
45.7	19.6	43.9351
45.7	19.7	43.8374
45.7	19.8	43.7373
45.7	19.9	43.637
45.7	20	43.5341
45.7	20.1	43.4305
45.7	20.2	43.3339
45.7	20.3	43.2501
45.7	20.4	43.1809
45.7	20.5	43.1174
45.7	20.6	43.0576
45.7	20.7	43.0035
45.7	20.8	42.9618
45.7	20.9	42.9344
45.7	21	42.9188
45.7	21.1	42.9142
45.7	21.2	42.9215
45.7	21.3	42.9421
45.7	21.4	42.9656
45.7	21.5	42.988
45.7	21.6	42.9761
45.7	21.7	42.9235
45.7	21.8	42.8925
45.7	21.9	42.9526
45.7	22	43.1272
45.7	22.1	43.3549
45.7	22.2	43.5965
45.7	22.3	43.8352
45.7	22.4	44.0067
45.7	22.5	44.0549
45.7	22.6	43.9721
45.7	22.7	43.7467
45.7	22.8	43.4517
45.7	22.9	43.1592
45.6	16	45.7775
45.6	16.1	45.6645
45.6	16.2	45.5896
45.6	16.3	45.568
45.6	16.4	45.5898
45.6	16.5	45.6281
45.6	16.6	45.6688
45.6	16.7	45.7022
45.6	16.8	45.7321
45.6	16.9	45.7589
45.6	17	45.7758
45.6	17.1	45.7741
45.6	17.2	45.7448
45.6	17.3	45.6805
45.6	17.4	45.5976
45.6	17.5	45.537
45.6	17.6	45.4755
45.6	17.7	45.3986
45.6	17.8	45.3013
45.6	17.9	45.1883
45.6	18	45.0712
45.6	18.1	44.9618
45.6	18.2	44.8826
45.6	18.3	44.8441
45.6	18.4	44.7928
45.6	18.5	44.7274
45.6	18.6	44.6592
45.6	18.7	44.5975
45.6	18.8	44.5542
45.6	18.9	44.5061
45.6	19	44.4564
45.6	19.1	44.4058
45.6	19.2	44.3523
45.6	19.3	44.2893
45.6	19.4	44.2165
45.6	19.5	44.134
45.6	19.6	44.0433
45.6	19.7	43.9456
45.6	19.8	43.8431
45.6	19.9	43.738
45.6	20	43.6308
45.6	20.1	43.5218
45.6	20.2	43.4154
45.6	20.3	43.3185
45.6	20.4	43.233
45.6	20.5	43.1533
45.6	20.6	43.0799
45.6	20.7	43.0197
45.6	20.8	42.9778
45.6	20.9	42.9575
45.6	21	42.9414
45.6	21.1	42.9311
45.6	21.2	42.9438
45.6	21.3	42.9834
45.6	21.4	43.0267
45.6	21.5	43.0764
45.6	21.6	43.1219
45.6	21.7	43.1097
45.6	21.8	43.0211
45.6	21.9	42.9918
45.6	22	43.0744
45.6	22.1	43.2525
45.6	22.2	43.5376
45.6	22.3	43.8004
45.6	22.4	43.9742
45.6	22.5	44.0315
45.6	22.6	43.951
45.6	22.7	43.7621
45.6	22.8	43.4762
45.6	22.9	43.2144
