 -4.220  -0.8622  -9.5992
 -1.993  -0.4598  -9.4939
 -0.845  -0.6610  -9.7046
 -0.430  -0.5077  -9.4939
 -0.409  -0.7089  -9.4460
 -0.379  -1.1400  -9.5609
 -0.368   0.0000  -9.1490
 -0.358  -1.2742  -9.3789
 -0.349  -0.5173  -9.5609
 -0.317  -1.1209  -9.6376
 -0.308  -0.7281  -9.5034
 -0.298  -0.9388  -9.4939
 -0.287  -0.8430  -9.5034
 -0.267  -0.8335  -9.5705
  1.482   0.2682  -9.6184
  1.491   0.0479  -9.5322
  1.512  -0.8622  -9.7429
  1.522  -1.7436  -9.2544
  1.532  -1.6478  -9.9441
  1.542  -1.4179 -10.0591
  1.553  -1.3891  -8.9191
  1.572  -1.0634  -9.4651
  1.583   0.0383  -9.7525
  1.593  -0.8622  -9.6950
  1.603   0.3353  -9.8292
  1.613  -0.4982  -9.4555
  1.634  -0.5173  -9.8771
  1.644  -0.2970  -9.5609
  1.653  -0.6035  -9.3693
  1.664  -0.6802  -9.3502
  1.694  -1.1879  -9.7238
  1.704  -0.9293  -9.6088
  1.796  -0.5269  -9.4747
  1.887  -0.6610  -9.5513
  2.000  -1.1400  -9.8004
  2.011  -0.9676  -9.3597
  2.183  -0.7568  -9.3789
  2.346  -0.5652  -9.5418
  2.396  -0.8143  -9.3214
  2.437  -0.6514  -9.5226
  4.999  -0.7185  -9.5992
  8.006  -0.7185  -9.6280
 11.004  -0.6610  -9.6088
 14.002  -0.2395  -9.6855
 14.074  -1.0251  -9.5705
 14.164  -0.2970  -9.6280
 14.245  -1.1209  -9.5609
 14.317  -0.4503  -9.3406
 14.337  -0.2299 -10.1836
 14.347  -0.4598  -9.2544
 14.418  -0.5940  -9.3310
 14.651  -0.9293  -9.5034
 14.773  -0.8814  -9.4747
 14.834  -0.5940  -9.5418
 14.885  -0.7472  -9.4364
 14.976  -0.5173  -9.3981
 15.161  -0.6610  -9.5992
 18.006  -0.6898  -9.6184
 21.004  -0.6898  -9.6184
 22.020  -0.6419  -9.5322
 22.112  -0.8526  -9.2927
 22.345  -0.7568  -9.4843
 22.812  -0.6227  -9.6663
 23.078  -0.6419  -9.4651
 23.595  -0.8239  -9.7238
 23.605  -0.6898  -9.9058
 23.614  -0.3161  -9.6663
 23.625  -1.0730  -9.5513
 23.635  -0.0862  -9.6567
 23.646  -1.1783  -9.7429
 23.655  -0.4215  -9.4939
 23.665  -1.5616  -9.5130
 23.676  -0.7281  -9.5130
 23.757  -0.7185  -9.3406
 23.817  -0.9005  -9.1298
 23.838  -1.4083 -10.2603
 23.848  -0.3257  -9.8100
 23.868  -0.1820 -10.5285
 23.879  -0.8526  -9.2448
 23.889  -0.7185  -8.9478
 23.898  -1.2071  -9.7717
 23.909  -1.5999  -9.4939
 23.930  -1.1496  -9.7046
 23.949  -0.4311  -9.8004
 23.990  -0.7951  -9.5034
 25.120  -1.1400  -9.4555
 25.130  -0.5556  -9.2544
 25.170  -0.8526  -9.7046
 25.221  -0.5748  -9.7717
 25.251  -1.0538  -9.4939
 25.262  -1.0634  -9.6663
 25.302  -0.5077  -9.7908
 25.404  -0.4790  -9.5705
 25.546  -0.7089  -9.6280
 26.157  -0.7856  -9.4843
 26.582  -0.8143  -9.7142
 29.002  -0.6802  -9.6471
 31.166  -1.6669  -9.7046
 31.187  -2.0885  -8.6508
 31.197   1.2167 -10.4519
 31.207  -1.3316 -10.0399
 31.217   0.2491  -9.5705
 31.228  -1.7627  -9.2831
 31.238  -0.1150  -9.3693
 31.258  -1.1017  -9.5897
 31.268   0.0000  -9.8387
 31.278  -2.6920 -10.1261
 31.288  -0.4886  -9.7525
 31.298  -2.4717  -9.4364
 31.309  -0.8718  -9.8196
 31.319  -2.7686  -9.4747
 31.328  -0.4982  -9.8866
 31.339  -2.1076 -10.0016
 31.349  -0.1341  -9.4364
 31.369   1.1304  -9.4268
 31.379   0.0383  -9.3885
 31.400  -0.2970  -9.9250
 31.430  -2.4908  -9.5897
 31.450  -3.7362  -9.8387
 31.461  -2.6728  -9.4939
 31.471  -4.7230  -9.8962
 31.481  -3.0848 -10.2794
 31.501  -2.1651 -10.2794
 31.522  -1.8873 -10.1549
 31.531  -1.7627  -9.7046
 31.542  -0.4694  -9.1011
 31.552  -0.5365  -8.9670
 31.562  -0.1629  -9.0628
 31.572  -0.0575  -9.6950
 31.582   1.1400  -9.3310
 31.593   0.0192  -9.6759
 31.623   0.2778  -9.5513
 31.644   0.6323  -8.8233
 31.653  -0.1054  -9.8771
 31.663  -0.6323 -10.6818
 31.684   0.2970  -9.6567
 31.694  -1.7053  -9.6280
 31.704  -2.9315  -9.7238
 31.725  -4.4835  -9.7813
 31.744  -4.7900 -11.5057
 31.755  -4.9146 -11.9943
 31.765  -7.6736 -10.9309
 31.775  -5.8055 -10.8255
 31.785  -7.5395 -11.5344
 31.795  -6.3133 -13.0002
 31.806  -8.7562 -11.0458
 31.815  -8.3059  -9.3023
 31.826  -6.2750 -10.1357
 31.836  -2.5387  -7.0797
 31.846  -1.1688  -6.9743
 31.856  -3.5542 -11.4290
 31.866  -2.7016  -7.4916
 31.877  -2.5962  -4.6463
 31.887   8.7849   2.1651
 31.896   8.3634  -3.4105
 31.907   7.5395  -5.2116
 31.917   8.1047  -2.3184
 31.928  16.5256  -4.9625
 31.937   5.6714  -7.2713
 31.947   7.9898  -2.0693
 31.958   9.3502   1.4562
 31.968   8.9861  -4.3589
 31.977   1.7148  -8.4496
 31.988   3.5638  -8.4975
 32.000   3.4967  -6.2558
 32.010   6.7252  -1.0251
 32.020   3.5350  -3.1997
 32.031   4.1194  -0.3545
 32.040   2.5770  -0.0192
 32.051   5.2307  -2.9890
 32.061   3.3722  -3.3339
 32.071   4.9146  -1.0921
 32.081   3.6500   4.9337
 32.091   7.7311   5.8630
 32.102   7.8269   1.3795
 32.112   9.5130   1.4658
 32.122   8.3538   2.1651
 32.132  10.3177   3.6692
 32.142  10.4423   4.4739
 32.153  11.5248   2.1268
 32.162  10.4902   2.3663
 32.172   9.3310   4.7421
 32.183  11.5440   5.2786
 32.193   7.5395   5.7385
 32.203   7.3000   5.7385
 32.213   2.4142   4.4452
 32.223   4.7421   4.0332
 32.234   4.6080   5.1541
 32.244   3.8799  10.2315
 32.253   0.7951  12.5307
 32.264  11.4099  10.3561
 32.274  10.2411  12.5307
 32.284   8.5071  13.8911
 32.294   4.4068  12.9906
 32.304   3.6213  10.2698
 32.315   1.3604  11.9559
 32.325   1.7340  14.8779
 32.335   2.5004  17.6848
 32.345   6.4187  19.4667
 32.355   2.5962  18.0105
 32.366   0.3640  14.2647
 32.375   1.7532  14.1881
 32.386   0.6131  12.1188
 32.396   1.8394  13.1151
 32.406  -0.9388  12.2146
 32.416   2.2226  10.6530
 32.426  -3.4297   9.1586
 32.437  -0.7760  13.1247
 32.447  -1.6286  12.1571
 32.456  -3.0273  10.5285
 32.467  -1.1496  11.4961
 32.477  -2.4621  12.3679
 32.487  -2.3280  13.7378
 32.497  -4.8667  12.2146
 32.507  -2.0693  12.6265
 32.518  -6.4282  16.4107
 32.528  -7.0701  14.3222
 32.537  -9.8962  14.1402
 32.548  -6.0259  15.7688
 32.558  -9.6088  12.4541
 32.569  -5.5660  10.3465
 32.578  -7.3767  11.4099
 32.588  -8.2005  12.4924
 32.599 -11.5248  12.7511
 32.609  -9.3406  12.2338
 32.619  -9.6567  13.4313
 32.629 -13.3929  12.4828
 32.639 -12.5691  11.1129
 32.650 -12.2433  10.0208
 32.659  -7.6736   5.3169
 32.670  -7.7215   6.9264
 32.680  -5.7001   4.8475
 32.690  -8.9478   4.5984
 32.700  -7.5012   4.5410
 32.710 -10.4423   6.1121
 32.720 -11.1800   7.9706
 32.731  -7.3575   3.8416
 32.740 -10.6722   7.8078
 32.751 -11.8601   5.1637
 32.761 -12.6936   3.3243
 32.771 -11.9368   2.7112
 32.781 -10.0591   1.2550
 32.791  -8.9670   0.6802
 32.802  -9.3118   1.3316
 32.812  -4.9050  -0.6131
 32.821 -12.3200  -1.8106
 32.832 -11.3332  -0.8526
 32.842 -11.3332  -2.1459
 32.853  -7.4533   0.0958
 32.862  -7.2425  -0.2491
 32.872  -9.9058  -2.5579
 32.883  -9.8962  -1.6190
 32.893  -7.8652  -3.1614
 32.903  -9.3885  -2.0789
 32.913 -12.3679  -1.7627
 32.923  -8.9765  -2.6633
 32.934 -11.6685  -2.7782
 32.943 -10.7201  -2.8357
 32.954  -9.6471  -3.6021
 32.964  -4.6751  -6.1025
 32.974   0.3545  -4.7230
 32.984  -0.7760  -4.3398
 32.994  -4.9625  -4.5026
 33.006 -10.2411  -9.1777
 33.016  -8.6796 -10.8542
 33.027  -2.4812  -8.3826
 33.037 -11.4290 -10.5381
 33.046  -9.0244  -1.5328
 33.057  -1.5711  -1.5424
 33.067  -5.5085  -1.0825
 33.078  -6.7156  -0.2395
 33.087  -2.7207   1.5903
 33.097  -9.0915  -6.8210
 33.108  -3.5829  -9.2352
 33.118  -3.7075   0.8622
 33.128  -3.9853  -2.6824
 33.138  -8.3538   4.4643
 33.148   2.9028  11.7548
 33.159  -0.0287  10.2315
 33.168   3.2955  -0.7281
 33.179  -0.4503  -9.2831
 33.189   7.9131   0.0671
 33.199   6.5815   4.0907
 33.209  -0.8622  12.7894
 33.219  -0.2970  15.5389
 33.230   2.6824  15.8071
 33.240   9.5801   6.7348
 33.249  13.8720   1.6669
 33.260  13.0193  15.3760
 33.270  11.2662  10.9213
 33.281  11.8793   7.9515
 33.290  -1.7053  16.4490
 33.300   7.5970  18.9302
 33.311   2.9698   8.0664
 33.321  -1.8394  13.9199
 33.330   8.8903  16.6885
 33.341   7.5683  18.1542
 33.351   9.5609  20.9229
 33.362   2.5196  18.1447
 33.371   4.5601  20.3577
 33.381   0.5173  16.3628
 33.392  -4.4739  14.1306
 33.402   4.5026  17.7806
 33.412  -3.3051  21.0379
 33.422  -4.4164  18.9781
 33.432  -2.2992  27.0254
 33.443  -2.9794  21.8138
 33.452  -7.0701  18.0680
 33.463  -0.2203  15.5485
 33.473  -5.0966  13.4888
 33.483  -6.5240  17.7136
 33.493  -5.7193  29.3246
 33.503 -13.0002  29.6599
 33.514  -8.2389  26.4027
 33.524  -6.6965  14.9162
 33.533  -2.7878  13.9486
 33.544   3.3147   6.5911
 33.554  -6.2079   3.3530
 33.565   1.6765   9.2927
 33.574 -15.3569  11.8506
 33.584  -9.0532  27.4565
 33.595 -25.0998  20.2523
 33.605 -16.5927  27.3799
 33.614  -9.7238   7.2617
 33.625  -2.0310   3.0752
 33.635  -2.1172  13.7953
 33.646  -7.2234   7.6928
 33.655  -4.1578  10.4902
 33.665 -15.1269  12.4062
 33.676 -22.1300  16.9280
 33.686 -19.1985  12.4637
 33.696 -13.1151   3.3626
 33.706 -19.5529   9.5705
 33.716 -12.1284   9.6950
 33.727 -32.7064   9.0723
 33.736 -24.3142  12.3679
 33.747 -10.1453  12.0996
 33.757  -2.1843   9.3502
 33.767  -6.8498  11.4195
 33.777 -18.4800   4.8667
 33.787 -20.6642   2.1843
 33.798 -14.4563   1.8585
 33.808  -9.3406   8.6796
 33.817  -7.7790   9.8771
 33.828  -1.4849  12.2433
 33.838   0.2587   7.9323
 33.849  -2.3759   2.3471
 33.858 -11.3620  -8.3251
 33.868  -9.9729   3.1902
 33.879   1.1017  10.6147
 33.889   1.8969  10.7201
 33.898   2.5387  12.0901
 33.909   1.7723  10.6818
 33.919  12.3966  11.8122
 33.930   8.3730   5.4032
 33.939  11.6398   2.8549
 33.949  -2.0597  -3.3530
 33.960  -0.4407   4.2536
 33.970  11.5057  14.5234
 33.980   4.5026  11.6111
 33.990   7.7886   7.9036
 34.002   1.9639  16.9951
 34.012  -0.9005  16.3915
 34.023   2.4812  12.7032
 34.033   1.1783  14.4372
 34.042  18.2788  13.8720
 34.053   2.3280  13.4888
 34.063  19.4763  20.9708
 34.074   4.1673  21.6414
 34.083  10.6914  20.2331
 34.093  -4.7038  22.4844
 34.104   4.7230  20.0319
 34.114  -2.5483  18.7961
 34.124  -5.7480  20.2140
 34.134  -0.6706  18.9781
 34.144   0.9484  25.2052
 34.155   1.2358  27.5810
 34.164   0.9197  25.1956
 34.175   4.1482  24.4388
 34.185  -8.8712  17.5699
 34.195   7.9036  25.5692
 34.205 -12.6936  20.6642
 34.215  -4.0332  19.0165
 34.226  -7.3000  18.4608
 34.236   1.6574  21.8426
 34.245 -14.2073  23.1934
 34.256  -6.0929  27.4757
 34.266 -11.1225  21.6606
 34.276  -4.1769  16.8801
 34.286  -8.7179  16.8418
 34.296  -3.1518  19.4763
 34.307 -23.8065  20.1373
 34.317 -24.8699  27.1404
 34.326 -13.1630  23.7299
 34.337 -10.2411  13.5846
 34.347 -13.2971  20.0032
 34.358 -23.2029  24.9274
 34.367  -4.0428  10.9883
 34.377  -4.0715  11.6494
 34.388 -14.8874  15.6634
 34.398 -25.1669  17.6465
 34.408 -16.1712  11.0171
 34.418  -9.3406  11.0363
 34.428 -15.4910  11.8314
 34.439 -24.4867  10.4998
 34.448   6.0738  16.1329
 34.459  -3.3147  10.9021
 34.469 -19.4380   7.1851
 34.479 -12.3008   5.8343
 34.489   2.8453   3.3530
 34.499  -9.5418  -7.9419
 34.509  -9.8483   8.2293
 34.520   0.4503   9.8004
 34.529   2.4429  17.6657
 34.540  -5.7959  16.9184
 34.550  -1.6382   7.7694
 34.560   0.5556   3.8033
 34.570   2.6249  -3.1518
 34.580   2.5291  15.8263
 34.591   3.8608  13.2301
 34.601   3.2381  19.9074
 34.610  10.5860  12.0613
 34.621   5.2307   9.1202
 34.631  -0.1533  19.6679
 34.642  -4.5026  21.3444
 34.651   2.6058  15.8359
 34.661   2.7399  24.4292
 34.672  19.3230  24.6304
 34.682  17.5028  17.7519
 34.692   8.1910  25.3393
 34.702  -0.2874  26.1057
 34.712  -2.2226  18.6620
 34.723  -8.6987  25.1764
 34.732   5.3840  24.6591
 34.743   8.2676  27.9068
 34.753  -2.7591  26.4219
 34.763   1.6574  19.6871
 34.773  -4.1194  22.8581
 34.783  -4.3781  30.9532
 34.793   2.6249  41.6829
 34.804  -9.6088  40.4663
 34.813  -3.4584  37.2665
 34.824   0.5077  23.4904
 34.834  -6.0067  22.0054
 34.844  -2.3088  26.7859
 34.854 -15.4143  22.9826
 34.864  -9.9537  25.1860
 34.875  -6.6103  22.4270
 34.885  -9.0819  33.8847
 34.894 -34.8523  32.7351
 34.905 -17.4070  28.2804
 34.915 -14.2264  23.2413
 34.926 -11.9847  27.1595
 34.935 -24.7549  21.6318
 34.945  -2.4621  25.3680
 34.956   5.4990  18.5854
 34.966   6.5624  18.7674
 34.976 -26.1057  11.6590
 34.986 -36.5767  -0.2491
 34.999 -34.6128  13.4504
 35.008  -0.9963  21.4115
 35.019  -2.8261  22.8485
 35.029   5.1253  28.3570
 35.039  -3.1710  16.7172
 35.049  -7.5395   5.6618
 35.059  -6.3229   9.5992
 35.069  -7.7886   6.6582
 35.080  -4.7230   6.0259
 35.089  -8.0089   6.4187
 35.100  10.5381  12.0901
 35.110  -2.1843  14.3318
 35.120  -1.5328  13.3355
 35.130  -5.8917  24.4292
 35.140  16.3628  17.8094
 35.151  -4.0428  -4.5601
 35.161   5.0966   3.7075
 35.170   4.8475  30.4263
 35.181   6.7252  28.2900
 35.191   4.6751  22.2737
 35.202  -2.8070  16.1137
 35.211  10.8734  21.3636
 35.221   0.4886  40.6674
 35.232  23.7299  18.3267
 35.242  -5.2307  12.8469
 35.252   5.0679  21.2774
 35.262   9.6280  28.2612
 35.272  -6.7252  24.4867
 35.283   0.1245  22.6952
 35.292  -1.8873  28.4337
 35.302   5.0200  30.8383
 35.313  -9.2160  24.5250
 35.323  -2.8453  23.3754
 35.333   7.8844  29.3150
 35.343   1.5616  34.8140
 35.353  -9.2160  30.0335
 35.364 -14.0444  39.3454
 35.373   1.6382  38.5407
 35.384 -11.0937  32.7830
 35.394  -0.1629  27.8972
 35.404  -8.0568  26.9392
 35.414 -23.6436  43.8959
 35.424 -22.3407  37.4868
 35.435  -7.3671  22.2737
 35.445  -3.2572  28.2804
 35.454 -14.5042  30.3593
 35.465 -31.0299  36.7396
 35.475 -17.0046  26.8434
 35.486  -7.7120  16.7364
 35.495 -40.1501  32.8022
 35.505 -17.8573  26.1824
 35.516  11.2662  20.9133
 35.526  -2.2609  24.7070
 35.535 -10.3944  25.1860
 35.546 -15.8933  13.9869
 35.556  -5.7001   9.6471
 35.567 -14.8779  15.2515
 35.576 -10.2603   9.8004
 35.586  -1.8681  17.0621
 35.597   1.9639  23.6053
 35.607   1.4179  25.3585
 35.617   3.8704  11.1512
 35.627   8.6029  -1.6286
 35.637  -0.9772  12.0326
 35.648  11.4674  24.6016
 35.657   2.0214  22.1300
 35.668   7.1276  13.9199
 35.678  -2.2130  23.0880
 35.688  13.7378  18.8823
 35.698  -3.6692  23.1071
 35.708   3.0752  23.6341
 35.719  -8.2868  15.0024
 35.729   9.8866  19.1985
 35.738   6.3133  19.9074
 35.749  14.4276  15.3664
 35.759  -5.8917  19.8978
 35.769   2.6441  27.6098
 35.779  11.1800  24.3238
 35.789  -5.4415  26.9488
 35.800   8.7658  31.2502
 35.810  -2.3184  27.6673
 35.819   0.5844  27.7439
 35.830  -4.4068  24.0460
 35.840  -3.4105  26.4889
 35.851  -4.8379  39.6615
 35.860   1.6957  41.2710
 35.870  -3.7937  34.6320
 35.881 -11.8697  29.0564
 35.891  -1.7436  29.6887
 35.901  -3.1423  50.3146
 35.911 -23.4520  29.4587
 35.921  -8.5454  27.1212
 35.932  -0.7281  25.8758
 35.941  -0.1341  18.1830
 35.952  -7.2713  29.8419
 35.962 -53.8975  42.6601
 35.972 -45.1317  44.2887
 35.982   6.5624  24.6783
 35.992   4.9721  32.3136
 36.004 -17.1675  25.9812
 36.014 -35.8199  14.9641
 36.025 -42.1907  22.4844
 36.035  16.0179  25.9045
 36.045   6.5911  34.5937
 36.055  -1.2550  30.9820
 36.065  -1.2742  17.7998
 36.076  -0.3928   2.9219
 36.085 -51.0906 -15.5293
 36.095 -18.7482   6.4953
 36.106  21.1049  24.2184
 36.116   2.5196  -6.7827
 36.126 -25.7704   9.3310
 36.136  14.1977  32.4573
 36.146  13.7378  24.6208
 36.157   0.0096  11.4290
 36.166  -0.4024  19.0165
 36.177   2.4046   8.2963
 36.187   2.2896  29.4300
 36.197   1.1400  22.7910
 36.207   1.0251  -3.8512
 36.217  -6.7635  21.8809
 36.228  -1.5041  30.2156
 36.238  -5.3265  15.7113
 36.247   3.1423  20.9804
 36.258   9.8962  15.3952
 36.268  16.6885  25.2818
 36.279   0.8047  26.7476
 36.288   6.1408  31.5951
 36.298   2.3375  27.9547
 36.309   5.2690  25.3106
 36.319 -12.7990  29.0372
 36.328   3.9949  35.9253
 36.339   8.1431  41.8266
 36.349  -3.5350  40.4279
 36.360 -11.7643  27.0733
 36.369  -8.3442  20.7696
 36.379  -8.1526  42.8708
 36.390  -9.2065  45.8119
 36.400 -19.2176  53.5622
 36.410   0.6706  47.9866
 36.420 -20.4918  38.4449
 36.430   5.9396  29.3150
 36.441 -14.8779  25.4734
 36.450 -25.7129  50.2475
 36.461 -25.8950  53.8879
 36.471 -20.9325  28.4912
 36.481 -11.8889  39.4124
 36.491 -38.2628  36.0690
 36.501  -6.0833  26.8625
 36.512  -2.5387  29.8994
 36.522 -13.6325  33.1375
 36.531 -22.4844  28.7977
 36.542   6.0259   4.2152
 36.552 -13.6133  22.6473
 36.562 -32.8213  23.3371
 36.572  24.2280  33.2141
 36.582  -2.1555  33.3578
 36.593 -14.5042  16.6885
 36.603 -17.1004   8.6029
 36.612   2.3950  14.5234
 36.623  -8.3538  26.0003
 36.633   0.0096  13.7283
 36.644  -1.6861  22.3503
 36.653   8.7945  18.1063
 36.663  -8.8903  19.6200
 36.674  -1.1879  14.6000
 36.684 -16.6406  61.7340
 36.694 -12.6074  34.5745
 36.704   6.5911  29.4204
 36.714  27.3128  14.8395
 36.725   8.4975  26.6422
 36.734 -10.9883  35.8966
 36.745  -4.5314  37.5060
 36.755   2.8453  30.0814
 36.765   5.8055  29.6695
 36.775  -2.6537  51.6654
 36.785  -1.9256  52.8629
 36.795  10.6530  37.8126
 36.806 -13.2013  35.4942
 36.815  -2.0693  37.0557
 36.826   0.1150  38.5981
 36.836 -11.6398  35.9061
 36.846  -6.4187  29.8324
 36.856 -10.4327  24.1610
 36.866  -7.4725  45.0743
 36.877 -40.0351  63.3531
 36.887 -16.5161  44.2504
 36.896  -6.8210  27.2074
 36.907 -11.9751  22.2162
 36.917  -5.7097  27.2745
 36.928 -13.4600  28.5391
 36.937 -22.5132  28.1367
 36.947  -6.7252  28.2421
 36.958  -9.4268  28.7211
 36.968 -12.6649  18.6333
 36.978 -30.8287  19.3901
 36.988 -24.0173  21.4019
 37.000 -13.2205  23.4233
 37.010  -4.6559  23.2604
 37.021 -16.5448  20.3481
 37.031 -14.2264  22.5994
 37.040   1.5041  22.2928
 37.051  -2.2130  16.3053
 37.061 -14.3510   7.2330
 37.071 -17.4070  11.2279
 37.081   5.5085  31.4706
 37.091  -0.6610  20.9325
 37.102 -10.9213   9.4939
 37.112  -4.9050  16.2287
 37.122   9.2735  18.4129
 37.132   3.8512  19.9266
 37.142  -1.6190  21.7947
 37.153   3.5542  30.8862
 37.162   7.6736  20.7025
 37.172  -9.1298  28.6636
 37.183  -7.4629  29.5258
 37.193   1.9927  26.4793
 37.203   5.3840  30.2635
 37.213  18.1063  28.4049
 37.223   4.4356  31.7292
 37.234   4.9146  34.4787
 37.244   1.6669  36.2893
 37.254   8.9478  34.7948
 37.264 -12.3966  24.8795
 37.274   2.3375  29.6120
 37.284  -4.8284  37.2761
 37.294  -0.1245  31.0299
 37.304 -11.8218  23.1742
 37.315   3.6404  34.9385
 37.325 -13.4600  37.6784
 37.335  -5.4606  54.5106
 37.345 -15.5868  35.5421
 37.355  -2.6441  32.8022
 37.366 -10.0208  27.0446
 37.375  -1.6861  23.9694
 37.386 -12.0805  28.9606
 37.396 -18.7865  26.0387
 37.406 -22.6473  38.2724
 37.416 -24.0077  30.3593
 37.426  -9.1969  26.2303
 37.437  -5.4127  18.0968
 37.447 -18.9973  32.5914
 37.456 -34.9098  25.6746
 37.467  -1.2646  22.5802
 37.477   2.8549  21.1911
 37.488 -17.7806  25.4255
 37.497 -12.6840  15.5580
 37.507 -20.0128   9.5705
 37.518 -19.1218  15.6059
 37.528  -9.0149  18.8153
 37.538  -3.2764  18.4512
 37.548 -11.4578  19.4092
 37.558  -5.9205  19.1027
 37.569   1.6957  19.2655
 37.578  -3.2285  11.4482
 37.588  -9.8196  10.7297
 37.599  -3.6883  15.2132
 37.609   5.6906  10.4327
 37.619   7.9036  20.4343
 37.629   1.2550  16.3149
 37.639  -0.4311  12.3583
 37.650   3.9662  14.7533
 37.659   8.9670  18.1830
 37.670   7.4150  18.1255
 37.680  -3.0656  23.6341
 37.690   2.8357  25.1956
 37.700   4.9146  17.1100
 37.710  -7.3096  26.5751
 37.721  -4.4547  28.3666
 37.731  10.1357  27.1499
 37.740   5.2116  27.2745
 37.751   5.2595  29.0181
 37.761   2.8165  29.8994
 37.772  -7.6162  27.5236
 37.781  -6.5911  27.4565
 37.791   3.8320  33.9422
 37.802  -3.8129  39.8435
 37.812  -1.3029  37.9084
 37.821  -8.4017  30.4072
 37.832  -1.2071  22.4270
 37.842 -11.7260  28.3858
 37.853  -8.0664  40.9069
 37.862 -11.6877  33.0513
 37.872 -12.5212  50.9660
 37.883 -13.2588  33.7985
 37.893 -10.9788  30.6083
 37.903  -4.4931  21.1049
 37.913  -4.7038  24.8028
 37.923 -14.8012  23.7299
 37.934  -5.2595  17.3878
 37.943 -22.2449  23.8927
 37.954 -23.7969  20.9229
 37.964 -22.2833  17.3112
 37.974 -14.2552  22.6760
 37.984 -17.4549  23.1838
 37.994  -6.3803  20.8654
 38.006  -5.9780  15.4239
 38.016 -10.5189  20.3193
 38.027 -20.9804  15.4622
 38.037 -11.6590   6.8306
 38.046 -13.1918  14.9258
 38.057  -1.2071  19.9361
 38.067  -6.4857  19.6871
 38.078 -14.4084   9.9633
 38.087  -3.4680  16.6693
 38.097  -1.0346  15.7975
 38.108  -5.5852   2.4717
 38.118 -14.9353 -11.3524
 38.128  -4.2152   8.0952
 38.138   1.9160  23.5478
 38.148  -1.4945  14.0348
 38.159  -1.6861  19.1889
 38.168  13.1343  23.7873
 38.179   3.2955  12.8565
 38.189   2.6633  16.8226
 38.199   1.9543  21.7085
 38.209   3.7937  18.3458
 38.219  10.0974  27.4661
 38.230  -2.7399  20.7888
 38.240  -6.4282  26.4985
 38.249 -11.0842  24.6879
 38.260  31.0203  13.9007
 38.270  17.4645  36.8737
 38.280   9.5418  23.7394
 38.290   1.8585  16.0754
 38.300  -4.2823  24.5154
 38.311   3.8608  30.6467
 38.321   3.7362  29.2576
 38.330  -6.3324  25.0806
 38.341   2.6058  25.6746
 38.351  -2.7495  29.6120
 38.362  -3.3147  26.2973
 38.371  -4.8571  34.6799
 38.381   0.0287  39.7861
 38.392 -11.7548  38.6269
 38.402  -5.6522  36.8929
 38.412  -7.6257  23.4616
 38.422   0.0383  18.7770
 38.432  -4.2344  18.8919
 38.443  -5.7959  10.1166
 38.452  -7.5970  24.4771
 38.463 -25.9237  25.5692
 38.473 -28.8552  28.6732
 38.483 -19.3901  24.2280
 38.493 -22.3312  26.5943
 38.503 -12.0230  24.0460
 38.513   1.2550  18.4991
 38.524  13.0672  15.1365
 38.533 -30.6658  25.8471
 38.544 -53.1503   8.2389
 38.554 -23.2413  25.1477
 38.564  15.3377  22.6856
 38.574 -10.1453  19.6392
 38.584 -13.3546  14.9928
 38.595  -6.6007  15.0407
 38.605  -1.8011  14.3031
 38.614 -12.5020   5.5852
 38.625  -7.7311   6.8689
 38.635  -8.0952   4.8667
 38.646 -12.6744   3.4392
 38.655  -5.6522  10.4231
 38.665  -5.0200  15.4527
 38.676   7.8173  21.1337
 38.686  -0.4982  11.0171
 38.695   3.8225   5.4702
 38.706   3.4105   4.0620
 38.716   6.6965  11.5440
 38.727  -0.3353   9.1298
 38.736   1.8681   7.4533
 38.746  -1.8202  19.7254
 38.757  -2.0693  16.0754
 38.767  -4.1673  20.9900
 38.777   2.7974  20.6355
 38.787  22.4557  15.4718
 38.797  12.5786  22.2354
 38.808   1.7627  16.5065
 38.817   3.3434  12.7702
 38.828   9.0053  20.8463
 38.838   0.7760  27.8493
 38.848   0.7856  28.1942
 38.858  -0.2491  23.0113
 38.868   5.0487  22.4557
 38.879  -8.1814  23.5766
 38.889  -0.6993  21.0858
 38.898  -5.7385  26.5847
 38.909   8.8041  38.6173
 38.919  -1.5616  43.1295
 38.929  -0.8143  29.6695
 38.939  -5.4894  19.7062
 38.949   0.7089  21.6414
 38.960 -11.7260  23.9502
 38.970  -6.4570  20.7696
 38.979  -7.8748  29.8419
 38.990  -3.9757  25.1094
 39.002 -17.3878  27.5140
 39.012 -14.2073  31.1927
 39.022  -9.7621  18.4991
 39.033  -5.9588  21.4977
 39.042 -18.7291  27.8493
 39.053  -7.6257  17.3878
 39.063 -10.2219  17.7902
 39.073 -22.4461  22.5515
 39.083 -14.0444  23.8831
 39.093 -10.2890   9.8292
 39.104 -16.7268  21.6318
 39.114 -19.2272  17.5220
 39.123  -5.5373  12.9523
 39.134 -19.2847  13.3642
 39.144 -12.0996  12.4637
 39.155  -9.6088  12.1859
 39.164  -3.5734   9.6184
 39.174 -13.4600  11.8793
 39.185  -7.9419  13.5175
 39.195  -3.1135  10.8830
 39.204  -9.8196   4.8954
 39.215 -15.7017   3.6021
 39.225  -9.4939   5.3648
 39.236   1.1783   7.8844
 39.245  -6.7731   2.2513
 39.255  -2.7207   8.8616
 39.266  -2.7303  10.8830
 39.276   1.8394  14.9162
 39.286   1.6478   6.4091
 39.296   0.5269   2.0597
 39.306  -1.1304   6.4474
 39.317   0.5269  11.1129
 39.326  13.1439  14.7150
 39.337   4.4547  10.6339
 39.347   3.7937  -1.3987
 39.357   1.2167  16.3340
 39.367   7.9419  13.4888
 39.377   3.3818  15.6730
 39.388   4.4547  13.5846
 39.398   1.3029  16.9184
 39.407  -1.0634  23.1838
 39.418  19.4476  15.8167
 39.428  10.8638  12.5020
 39.438   3.3339  18.7674
 39.448  -0.1629  25.4926
 39.458  11.1800  17.7806
 39.469   3.1039  20.0511
 39.479  -4.7900  26.7284
 39.488   2.8644  21.2199
 39.499   8.7562  26.2398
 39.509   1.9543  24.4005
 39.520  -5.0391  24.8411
 39.529  14.1785  25.1860
 39.539 -10.4710  20.5014
 39.550  -3.8991  25.9045
 39.560   9.3502  27.9068
 39.570 -10.0399  22.9730
 39.580  -8.5071  21.0858
 39.590 -11.8027  21.2007
 39.601   0.9484  25.1190
 39.610  -8.7466  19.5434
 39.621   0.1820  23.1455
 39.631 -17.4262  31.0874
 39.641  -5.6139  20.5780
 39.651 -16.8418  15.6251
 39.661  -6.6007  26.1536
 39.671 -15.4814  18.6907
 39.682 -14.4372  12.7894
 39.691  -9.9250  20.8654
 39.702 -11.7548  12.0422
 39.712  -1.1209   7.0605
 39.722 -24.0077  19.6583
 39.732 -14.4851  13.5750
 39.742 -16.4682  11.6015
 39.753 -12.0709   9.1586
 39.763 -30.8000  12.4541
 39.772 -20.4630   7.5778
 39.783 -16.4586  16.5161
 39.793   5.3169   9.4268
 39.804  -1.4562  17.2920
 39.813   5.1924  12.8086
 39.823  -3.1997   9.5801
 39.834  -0.5652   8.2963
 39.844  -2.9794   5.0870
 39.854 -16.3245 -10.8734
 39.864 -10.3944  -6.6582
 39.874 -11.1321   5.7864
 39.885   1.0921  14.5713
 39.894  -8.6317   6.8019
 39.904  -1.6861  -3.0560
 39.915   2.8836  -3.0656
 39.925   1.5807   4.1865
 39.935  -3.4871   6.2941
 39.945   3.3530  -1.5137
 39.955  -0.5269  -8.0089
 39.966   4.5984   4.0236
 39.976   4.6176   9.3310
 39.986   3.6596   3.1806
 39.996   1.9352   0.0383
 40.008   5.0391   9.7142
 40.018   9.4939   9.7238
 40.029   3.9087   1.6190
 40.039   9.3310   7.4629
 40.048   5.4319   6.4282
 40.059  11.3045   4.5984
 40.069   2.2322   9.4939
 40.080   9.5609  11.8218
 40.089  -4.0907  10.2028
 40.099  -2.4046  17.3399
 40.110   0.0575  15.2323
 40.120   9.4555  15.8838
 40.129   2.3088  18.8440
 40.140   7.3671  17.2154
 40.150   2.9315  18.5183
 40.161   4.3302  21.5169
 40.170   8.5646  21.5839
 40.180  -0.2970  16.9184
 40.191   8.4592  15.1269
 40.201 -10.0495  13.1055
 40.211   3.0273  12.8852
 40.221  12.7128  28.0217
 40.231   8.5742  35.4271
 40.242  -4.7805  21.0570
 40.251   2.2896  16.5448
 40.262  -2.8932  16.5256
 40.272  -0.3066  15.6155
 40.282  -3.8895  16.9088
 40.292  -4.4260  19.6871
 40.302  -6.4091  27.4086
 40.313  -6.1696  21.3636
 40.323  -9.4076  18.1063
 40.332  -6.3037  29.2959
 40.343 -12.1380  16.1520
 40.353  -3.8225  16.7268
 40.364  -8.8520  16.6502
 40.373  -4.4356  15.4335
 40.383  -8.9765  12.3391
 40.394 -11.1704  11.1608
 40.404  -8.6891  16.5161
 40.413 -18.3554  13.4025
 40.424 -13.9390  16.1999
 40.434 -10.9309   8.2005
 40.445  -5.5277   6.6965
 40.454  -8.8807   9.8004
 40.464  -7.9227   7.7407
 40.475 -18.9686   8.8520
 40.485 -13.9103   9.4364
 40.495  -9.0340   6.1408
 40.505 -17.9243   9.4268
 40.515 -26.7763   8.9957
 40.526  -7.5874   9.7621
 40.535  -4.8571   7.0222
 40.546 -14.4084   4.6847
 40.556 -14.3605   7.2425
 40.566 -15.6059   2.9890
 40.576 -10.3273   4.5889
 40.586 -17.2825   2.2705
 40.597 -14.1881   3.6883
 40.607  -9.6759   2.7303
 40.616  -4.6272   1.6574
 40.627 -20.0990   7.3096
 40.637  -8.3347   0.0958
 40.647   4.8188   1.1879
 40.657  10.5093   3.0944
 40.667 -17.7136 -12.1380
 40.678  -9.0628   0.8909
 40.688   5.4032   6.8306
 40.697   5.5373   2.1651
 40.708  -6.0354   1.1688
 40.718   2.3471   3.9757
 40.729   6.5240  11.2853
 40.738   2.3375  10.2794
 40.748  -1.2933   1.1879
 40.759   9.2065   3.2955
 40.769  13.1151  10.5093
 40.779   0.9772   1.4945
 40.789   0.7664   0.8143
 40.799   5.0679  10.6339
 40.810  11.4482   9.6088
 40.819   1.9639   3.8608
 40.830   4.7996   6.7827
 40.840   5.0774  14.4563
 40.850   9.5418  14.1402
 40.860   6.0642   5.2595
 40.870   8.5454   7.5778
 40.880   3.6021  16.7172
 40.891   8.8807  11.2183
 40.900   8.3251   9.5034
 40.911   6.0929  17.6082
 40.921   5.2690  14.3126
 40.931  -0.3736  12.2050
 40.941   8.9861  18.1542
 40.951   1.0346  17.1483
 40.962  12.4254  17.2825
 40.972  -3.3626  16.5161
 40.981   2.1268  15.3569
 40.992  -0.6706  18.6524
 41.004   0.3640  17.8764
 41.014   1.6861  20.3385
 41.024  -0.5844  20.7600
 41.035   0.6323  21.0474
 41.044  -3.9374  16.9184
 41.055  -2.9411  17.0621
 41.065  -0.0862  19.7924
 41.075  -3.4967  18.7291
 41.085  -4.9721  15.9221
 41.095  -3.7650  30.6371
 41.106  -5.1445  21.3444
 41.116  -7.1372  21.9288
 41.125  -5.2403  21.7372
 41.136  -8.4592  18.8057
 41.146   1.7532  11.5919
 41.157 -12.9331  14.0061
 41.166  -1.5137  21.8234
 41.176  -3.9853   8.1047
 41.187  -1.4370  12.5882
 41.197  -5.5373  14.0444
 41.206  -9.5609  10.7488
 41.217 -14.4563  16.2670
 41.227 -19.9553  17.3399
 41.238  -9.3214  10.5956
 41.247 -21.0091  17.9339
 41.257  -7.5299  11.8314
 41.268 -10.3561   6.6007
 41.278  -8.9382  10.7393
 41.288 -11.2662   8.3826
 41.298  -9.9920   6.2079
 41.308 -15.8838   3.9183
 41.319 -17.2250  10.1836
 41.328 -10.9788   7.2713
 41.339  -9.1202   6.7540
 41.349 -13.3834   7.5491
 41.359   5.0679   4.7613
 41.369  -9.9345   3.7841
 41.379 -15.8454   0.8430
 41.390 -12.9810  -1.9448
 41.400 -17.0909  -4.5984
 41.409 -15.1461   1.2454
 41.420   0.0096   6.2271
 41.430  -6.7540   3.8704
 41.440  -8.1143   4.2057
 41.450  -8.3442   1.1975
 41.460   0.9772   1.0825
 41.471  -5.0391   2.9602
 41.481  -6.4666  -0.2299
 41.490  -6.6773   2.1747
 41.501   6.8114   8.8712
 41.511  -6.0833  -2.2322
 41.522  -8.0377  -6.3420
 41.531  -0.2491  -5.5469
 41.541   2.7303  -2.2226
 41.552   4.5505  -7.1946
 41.562   7.8365  -2.5196
 41.572  -0.4503   2.2801
 41.582   4.8954   6.5911
 41.592   8.1239  11.3716
 41.603   7.8461   7.3958
 41.612  -3.2764   4.3015
 41.623  11.2374   0.7089
 41.633  12.1092   0.2970
 41.643  11.7356  -5.9396
 41.653  -1.5041  -3.5255
 41.663   3.0656   6.6390
 41.674   2.2322  10.1645
 41.684   5.1062   5.1828
 41.693   6.3612   6.7252
 41.704   5.5756   8.7466
 41.714   8.9574   8.0760
 41.724  11.4195   3.0273
 41.734  10.6051   5.5564
 41.744   7.9131   9.7429
 41.755  10.2219  12.7798
 41.765   5.9492   8.1143
 41.774   3.5829  10.1645
 41.785   3.0177  15.9221
 41.795  10.0399  11.5536
 41.806   9.5513  11.3716
 41.815   6.5911  15.8167
 41.825  10.8063  17.1292
 41.836   1.3604  11.6111
 41.846   6.3133  12.9810
 41.856   0.7377  15.5293
 41.866   2.3663  18.7770
 41.876   5.2211  18.7482
 41.887   0.0192  17.6944
 41.896   2.8836  20.0798
 41.907   4.0332  21.6893
 41.917  -2.2896  15.5197
 41.927   0.6802  17.3591
 41.937   3.2860  16.1137
 41.947  -5.7480  15.5964
 41.957   0.2587  13.2397
 41.968  -4.0620  15.2994
 41.977  -0.1437  22.4365
 41.988  -6.0642  17.6273
 42.000  -2.9411  16.5065
 42.010  -6.4282  18.3650
 42.020  -5.2116  12.2050
 42.031  -5.2403   5.2595
 42.040  -3.8512  10.8446
 42.050 -12.4158  20.9229
 42.061 -12.2050  15.0982
 42.071  -8.3442  14.8108
 42.081  -8.5358  14.4468
 42.091  -7.5970  16.1999
 42.101 -15.1365  14.9545
 42.112 -11.9464  10.8351
 42.122 -13.0672  13.4888
 42.132 -10.4710  11.5919
 42.142  -9.7142   8.1622
 42.152  -6.6582   6.2750
 42.162  -8.6029  12.8086
 42.172 -10.3752   9.8196
 42.183  -6.8593   5.9971
 42.193 -14.6958   9.7717
 42.203 -16.9472  10.8446
 42.213  -7.6736   2.3280
 42.223  -9.4268   4.2536
 42.234 -25.3968   6.0642
 42.244 -18.2692   6.6486
 42.253   0.7568   1.5711
 42.264 -12.9714   4.9721
 42.274 -18.9111   5.1158
 42.284  -1.4179  -0.6419
 42.294  -5.0870  -1.4274
 42.304 -14.7725  -0.9580
 42.315 -11.2183   1.5903
 42.325  -0.1724   0.2108
 42.334  -5.5085  -0.6993
 42.345  -6.5049   0.9197
 42.355  -7.3383  -0.3161
 42.366   2.4812   1.3125
 42.375  -0.3928   1.4370
 42.385  -6.2079  -6.1600
 42.396  -6.5240  -7.2330
 42.406   0.9388  -3.7746
 42.416  -1.3125  -5.7864
 42.426  -6.0929  -7.8173
 42.436  -5.0391  -4.5889
 42.447   1.4274  -0.5269
 42.456   3.4392  -1.9064
 42.467  -3.1997   0.2299
 42.477   0.4886   1.6095
 42.487   3.5925   0.8430
 42.497   7.6449  -1.9256
 42.507   3.2764  -4.7900
 42.518   1.1400  -6.8210
 42.528  -0.7664  -9.3118
 42.537   5.1541   1.1304
 42.548   1.6382   1.2550
 42.558   2.7399  -5.4032
 42.568   5.3361   3.8416
 42.578   8.3251   3.6883
 42.588   5.4990  -2.2513
 42.599   4.5889   4.5122
 42.609   6.3324   7.6066
 42.618   7.8461   3.4871
 42.629   9.9250   2.9986
 42.639   7.7694   5.4606
 42.650   8.3538   5.6522
 42.659   4.4643   7.1084
 42.669   6.8977   7.1372
 42.680   3.1902   6.7061
 42.690  10.0303   7.3862
 42.700   3.6117   9.8387
 42.710   2.8070   7.6545
 42.720   5.5564   8.0377
 42.731  10.8446  14.3318
 42.740  14.4276  16.4298
 42.751  10.7201  15.7496
 42.761   5.8247  13.6516
 42.771   9.3502  11.5919
 42.781   1.4083  15.2611
 42.791   4.5122  15.4622
 42.801   8.1526  16.2095
 42.812   1.2071  13.4121
 42.821   2.8070  10.9117
 42.832   3.1135  12.7990
 42.842   2.3854  13.6516
 42.852   0.8335  13.3067
 42.862   2.1459  14.4755
 42.872   4.7038  17.8573
 42.883   1.0825  19.6392
 42.893  -0.0862  17.8764
 42.902   2.4717  16.7939
 42.913  -1.5903  18.7195
 42.923  -1.8394  18.0297
 42.934  -4.4356  11.5919
 42.943  -2.5962  13.4121
 42.953  -5.4511  13.1439
 42.964  -3.8225  12.7607
 42.974  -6.1696  11.7164
 42.984  -3.3722  17.3687
 42.994 -10.5956  21.2486
 43.006  -7.0701  15.3952
 43.016  -4.9912  15.5293
 43.027 -12.2433  18.3746
 43.037  -6.4091  14.2647
 43.046  -9.8483  11.1608
 43.057  -4.9433  10.7297
 43.067  -9.5897   9.7717
 43.078  -5.1828  12.0901
 43.087 -14.1019   9.5034
 43.097  -7.1467   8.5550
 43.108 -16.4298  11.5823
 43.118  -9.6663   9.8196
 43.127 -13.2588  11.0746
 43.138 -12.9810  10.0016
 43.148 -13.1151   8.1718
 43.159 -10.8446   8.7658
 43.168 -10.3177   7.2330
 43.178 -14.4276   5.9109
 43.189 -10.8255   7.2904
 43.199  -8.0856   3.5159
 43.209  -8.6125   8.2676
 43.219 -10.3656   4.3973
 43.229  -3.5542   4.0236
 43.240  -9.3214   6.8785
 43.249 -10.0112   5.9780
 43.260  -6.2558   0.4790
 43.270 -11.4769   0.3161
 43.280 -19.3613  -3.9566
 43.290 -15.1365  -3.8608
 43.300  -6.3516  -1.9352
 43.311  -6.5911  -0.0958
 43.321  -2.7782  -0.3161
 43.330  -2.0214  -0.8239
 43.341  -4.3494  -3.8512
 43.351  -3.4297  -5.7959
 43.362  -2.1747  -2.8740
 43.371  -7.3767  -4.5793
 43.381  -9.6567  -3.9949
 43.392  -2.7782  -2.8165
 43.402  -3.2093   0.1916
 43.411  -5.0487  -2.8165
 43.422  -2.6249  -3.3626
 43.432   3.5255  -4.6655
 43.443  -3.8225  -6.2654
 43.452  -7.2330  -6.2079
 43.462  -4.7230   0.8047
 43.473   2.9315   0.4024
 43.483   0.4215  -2.2513
 43.493   1.0346  -6.3612
 43.503   4.1865  -2.0118
 43.513   5.6139  -0.9484
 43.524  -2.6633  -4.0141
 43.533   1.5616   1.1688
 43.544   7.8173   3.2860
 43.554   8.5646   1.2454
 43.564   9.9824   2.5196
 43.574   3.4776   2.2992
 43.584  10.9692   5.1253
 43.595   3.6404   7.7120
 43.605  11.1033   2.9315
 43.614   4.8954   8.0568
 43.625  18.4800   7.3862
 43.635   7.8461  10.3944
 43.646   8.3634   2.1459
 43.655  -1.3029   6.5815
 43.665   8.6604   6.6869
 43.676  13.4600  10.0208
 43.686   7.8844  14.5713
 43.695   3.6787   6.6869
 43.706   4.9337  13.6708
 43.716  15.3185  12.7607
 43.727   4.2057  12.1667
 43.736  13.3067   5.3648
 43.746   0.8718  12.3008
 43.757   4.4835  14.8204
 43.767   5.6235  14.8300
 43.777   6.5815  15.3185
 43.787   5.3265  14.4563
 43.797   5.3648  15.3952
 43.808   2.2417  14.5138
 43.817  -2.4525  12.8565
 43.828   7.9036  15.4814
 43.838  -4.0524  18.6428
 43.848   4.4164  19.4188
 43.858 -10.3561  17.7615
 43.868   6.8019  22.9251
 43.879  -4.3302  19.6679
 43.889  -6.3803  18.0680
 43.898  10.0495  13.1534
 43.909 -10.3848   8.5646
 43.919  -5.2307  11.2758
 43.929  -7.2425  18.3842
 43.939  -0.8622  20.3193
 43.949 -11.5823  17.0621
 43.960   0.6898  13.2588
 43.970 -10.6435  10.4710
 43.979  -4.9146  11.6781
 43.990 -14.6000  16.8897
 44.002  -5.0583  12.3583
 44.012  -7.7503  10.9500
 44.022  -8.0952   8.2197
 44.033 -11.9559   9.0244
 44.042 -15.2898   9.9824
 44.053  -8.0568   9.9729
 44.063  -8.6508   1.5424
 44.073  -3.0944   8.7658
 44.083 -18.6620   6.8019
 44.093  -9.1777  10.3177
 44.104 -16.2287   3.4967
 44.114  -7.1755   8.0760
 44.123 -17.3399   4.5793
 44.134  -6.4953   4.8667
 44.144 -15.0311   4.1865
 44.155 -11.3716   6.4378
 44.164 -12.6361   3.9183
 44.174  -4.8763   2.3471
 44.185  -9.9729   1.7915
 44.195  -5.9109   3.0177
 44.205  -8.0664   0.3353
 44.215  -8.1143  -2.4429
 44.225  -8.9670  -0.2970
 44.236  -9.4460  -1.5424
 44.245  -7.2234  -4.6559
 44.255  -8.7849  -0.1341
 44.266  -5.7001  -3.5638
 44.276  -7.3096  -6.4187
 44.286  -5.2882  -3.9853
 44.296   0.3545  -3.0848
 44.306   0.3736  -4.2344
 44.317  -1.7244  -3.7075
 44.326  -2.4333  -3.0177
 44.337  -4.8284  -4.0141
 44.347  -0.5269  -6.2558
 44.357  -5.6906  -6.7635
 44.367  -4.2727  -6.3037
 44.377  -9.0244  -7.5299
 44.388  -8.2963  -9.5705
 44.398  -1.2933  -6.0259
 44.407   1.5903  -4.8954
 44.418  -0.0671  -5.7768
 44.428   0.3257  -3.1327
 44.439   2.3567  -1.5711
 44.448   2.2992  -2.7591
 44.458   0.4694  -5.6427
 44.469   0.5365  -5.0200
 44.479   8.1431  -5.8247
 44.488   3.5255  -7.0509
 44.499   0.8047  -8.4209
 44.509  -0.6419  -4.8379
 44.520   9.2160  -0.3066
 44.529   4.7421   0.6802
 44.539   8.5933  -0.2491
 44.550   4.0045  -1.4658
 44.560   9.2927  -2.3759
 44.570   8.4496  -6.8977
 44.580   8.8137  -5.3074
 44.590   7.7694  -4.6176
 44.601   6.9743  -2.1364
 44.610   6.4378  -2.7878
 44.621   9.5130  -2.0310
 44.631   8.2484  -1.8106
 44.641   8.0856  -0.7664
 44.651   7.6832   2.8644
 44.661   5.9013   3.5734
 44.672   8.3251  -0.4694
 44.682   6.9456   1.6095
 44.691  10.8925   1.2550
 44.702   5.7480   3.4776
 44.712   8.8712   4.3781
 44.723   8.2389   3.0465
 44.732  10.1166   0.5269
 44.742   7.5874   1.8490
 44.753  10.4423   1.6861
 44.763   3.6596   5.1637
 44.772  12.8565   3.4871
 44.783   6.9456   6.4761
 44.793   5.2116   7.7215
 44.804   6.7348   6.3133
 44.813   7.5683   7.7503
 44.823  14.6096  10.0208
 44.834   8.6317  10.1357
 44.844   8.7945   8.4400
 44.854   5.9205   7.4629
 44.864   6.6486   9.4076
 44.874   9.0915  10.4135
 44.885   6.1313   9.7238
 44.894   9.5992  12.4541
 44.905   1.4083  11.4482
 44.915   8.1431  11.7069
 44.925   4.4164  11.7548
 44.935   5.5564  11.7835
 44.945   5.4894   9.7908
 44.956   4.3685   9.3693
 44.966   5.7289  10.7297
 44.976   1.3125   9.6376
 44.986   3.4297   8.9191
 44.999   2.6537   8.1335
 45.008  -0.6514   8.6891
 45.018   3.6692  13.5175
 45.029   1.3700  17.1771
 45.039   1.0346  15.6826
 45.048   0.2108  13.9294
 45.059  -0.6706  14.0157
 45.069  -3.4392  14.1210
 45.080  -3.2285  13.3259
 45.089  -3.8895  10.2028
 45.099  -3.2093  11.1321
 45.110  -1.6095  12.1763
 45.120  -2.7686  18.3746
 45.130  -6.0163  11.9751
 45.140  -2.5004   9.6184
 45.150  -1.9543  11.3141
 45.161  -4.7326   8.1910
 45.170  -2.8932   6.5145
 45.181  -1.7436  12.0996
 45.191  -9.3693  10.9213
 45.201  -3.5925  11.7835
 45.211 -11.3045  11.4578
 45.221  -6.4570  14.8300
 45.232 -13.3355  12.0422
 45.242  -3.5829   8.6987
 45.251 -11.4674  10.4614
 45.262  -5.7864   9.5801
 45.272  -9.9441   8.3826
 45.283  -2.5291   7.8557
 45.292  -8.9286   5.3074
 45.302 -13.2588   8.6029
 45.313  -9.9537  10.4135
 45.323  -9.7429   4.0141
 45.332  -4.0715   9.6184
 45.343 -14.5617   7.7599
 45.353  -7.7503   6.3133
 45.364 -12.6265   5.8055
 45.373  -7.8269   6.4953
 45.383  -8.6891   6.1600
 45.394 -11.3332   3.0656
 45.404 -17.1292   6.5049
 45.414 -13.8624   5.7576
 45.424 -13.7762   4.0045
 45.434  -8.3442   5.0295
 45.445  -9.2735   2.1364
 45.454 -11.8793  -0.4407
 45.465 -12.3583   2.4238
 45.475  -8.5742   1.4562
 45.485 -12.4158   2.9411
 45.495  -8.0473   0.2587
 45.505  -5.8534   0.0671
 45.516  -9.3310  -4.5793
 45.526 -15.1653  -0.9963
 45.535  -9.2065  -1.6095
 45.546  -6.2079  -2.7016
 45.556  -3.4776  -1.8202
 45.566  -6.3420  -2.8070
 45.576  -3.8416  -3.8225
 45.586  -8.2963  -4.7326
 45.597  -7.7215  -7.0126
 45.607  -0.2012  -5.3553
 45.616  -6.1792  -1.9160
 45.627  -5.7672  -4.9242
 45.637  -7.1851  -7.0414
 45.648  -4.1961  -6.2175
 45.657  -7.9131  -5.1637
 45.667  -3.3051  -5.8055
 45.678  -6.9935  -5.7289
 45.688  -2.1938  -1.1113
 45.698  -5.7576  -4.7805
 45.708  -6.6869  -4.5601
 45.718  -8.8807  -7.7024
 45.729  -5.9588  -9.5705
 45.738   2.8070  -5.6427
 45.749  -3.3818  -4.9146
 45.759  -3.8704  -7.4437
 45.769  -0.4598  -6.5240
 45.779   1.5520  -3.7746
 45.789  -2.8644  -5.4319
 45.799   9.4172  -5.1445
 45.810   8.0377  -7.5395
 45.819   5.2307  -2.8740
 45.830   1.4562  -3.9949
 45.840   7.7886  -1.7244
 45.850   6.8210  -5.2690
 45.860   5.4894  -3.6308
 45.870   2.9315   1.0634
 45.881   5.4894   0.0671
 45.891   8.2293  -4.6847
 45.900   8.3538  -1.8585
 45.911   7.0126   0.4790
 45.921   5.0487   0.3640
 45.932   6.1792   0.2012
 45.941   9.6280  -1.1496
 45.951  11.4003  -1.4562
 45.962   4.3302   1.9639
 45.972   5.3457   2.3854
 45.982   0.4215   4.7134
 45.992  11.7835   2.8549
 46.004   6.5719   2.4908
 46.014   8.8233   4.7517
 46.025   7.3671   3.1518
 46.035  10.9213   4.1578
 46.044  11.0267   6.6103
 46.055  10.2507   7.7024
 46.065  13.2684   8.2389
 46.076   7.8652   5.7385
 46.085  10.0591   7.5204
 46.095   3.6404   8.0281
 46.106   9.5992   6.8114
 46.116   6.7252   9.3885
 46.125   6.3037   7.9802
 46.136   6.3229   8.9095
 46.146   5.3744  10.6051
 46.157   7.9994   9.5130
 46.166   1.6382  11.4386
 46.176   7.2904  13.0960
 46.187   7.2904   9.3023
 46.197  -0.3928   9.3885
 46.207   2.8165  11.4578
 46.217   4.3781  10.9883
 46.227   5.2882  13.9582
 46.238  -0.9484  16.9855
 46.247   7.9036  12.2721
 46.258  -6.3037   9.3693
 46.268   4.3302  14.6958
 46.278   1.8585  16.1424
 46.288  -2.2417  10.6914
 46.298  -2.4812  11.6877
 46.309   0.1724  16.1808
 46.319  -5.4127  12.4158
 46.328   1.9735  11.6973
 46.339  -1.5616  16.8801
 46.349  -2.4621  11.7452
 46.359  -6.9264  14.4276
 46.369  -2.5196  18.9590
 46.379 -10.7872  16.0371
 46.390  -0.1820  13.0002
 46.400  -7.1755  10.4806
 46.409  -4.1099   5.0008
 46.420  -6.6198  12.5020
 46.430 -10.6626  11.4578
 46.441  -7.7886  12.2242
 46.450 -13.3355  13.3738
 46.460 -10.0687  13.0385
 46.471 -14.0252  11.7069
 46.481  -6.2079   7.6449
 46.491  -8.1910   7.9227
 46.501  -7.3479   4.4452
 46.511 -12.4828   8.2101
 46.522  -7.3671   5.9109
 46.531 -12.4349   4.4547
 46.542 -11.7069   7.1180
 46.552 -15.4048   4.3494
 46.562 -15.2036   8.3921
 46.572 -10.5860   5.5660
 46.582 -13.1726   3.6500
 46.592  -4.0332   2.9123
 46.603 -11.2183   1.3700
 46.612  -3.7458  -0.6131
 46.623  -9.7908   0.9772
 46.633  -3.2572   0.2682
 46.643 -11.2662  -1.0251
 46.653  -8.3059  -3.8895
 46.663  -9.7429  -3.7650
 46.674  -5.4511  -1.8873
 46.684 -11.9464  -3.6404
 46.693  -9.1298  -4.0428
 46.704  -2.5962  -2.1459
 46.714  -3.4584  -1.8202
 46.725  -1.3316  -0.8335
 46.734  -3.5829  -4.2823
 46.744  -6.1313  -6.1313
 46.755 -10.2603  -9.5322
 46.765  -5.0200 -10.6243
 46.775  -9.9441  -7.2042
 46.785  -9.5609  -7.3383
 46.795  -8.2484  -6.1313
 46.806  -7.6641  -5.5852
 46.815  -6.5911  -3.5063
 46.826  -3.4392  -3.4871
 46.836  -3.0752  -4.5505
 46.846  -3.4009  -3.6308
 46.856  -3.2764  -4.3206
 46.866  -1.8681  -6.6103
 46.876  -1.6478  -7.4725
 46.887  -1.8106  -4.9529
 46.896   1.0251  -5.0200
 46.907   2.5962  -7.7790
 46.917   3.2189  -9.8866
 46.927   0.5365  -8.7849
 46.937   0.6227  -6.9264
 46.947   3.1997  -7.0222
 46.958   2.5483  -9.2352
 46.968   2.4429  -7.4533
 46.977   4.5314  -7.0414
 46.988   6.0642  -7.6353
 47.000   4.6655  -6.3803
 47.010   6.3420  -6.7156
 47.020   3.5734  -7.8844
 47.031   6.5911  -7.9994
 47.040   4.0236  -5.7768
 47.051   6.3229  -5.7480
 47.061   2.1459  -8.1910
 47.071   4.4547  -8.7849
 47.081   1.8011  -6.8210
 47.091   4.6559  -5.0487
 47.101   2.0214  -7.5204
 47.112   3.4392  -7.4054
 47.122   3.1710  -6.4474
 47.132   2.8070  -5.4606
 47.142   1.8873  -7.1755
 47.152   3.9662  -4.8188
 47.162   3.7554  -5.6235
 47.172   4.3110  -7.0797
 47.183   7.7694  -6.4761
 47.193   4.3206  -5.3936
 47.203   3.6308  -6.7444
 47.213   2.7303  -5.3744
 47.223   8.7562  -4.7326
 47.234   6.4474  -4.4547
 47.244   5.4894  -2.7974
 47.253   7.1659  -4.0428
 47.264   9.2160  -0.3928
 47.274   9.8579  -4.3302
 47.284   7.2809  -2.0406
 47.294   8.5742   0.5173
 47.304   8.9382  -6.4666
 47.315   6.1504  -3.0177
 47.325  10.5956   0.9197
 47.334   8.8041   0.2395
 47.345   6.5240  -3.3530
 47.355   4.2536  -1.8585
 47.366   6.7444  -1.1113
 47.375   7.8173  -1.6669
 47.385  10.0974   0.9867
 47.396  11.3907   1.4466
 47.406  10.7967  -0.5556
 47.416   6.6773  -0.2012
 47.426   8.4592   3.7267
 47.436   5.9492   3.8704
 47.447   8.3442   0.3257
 47.456   9.0915   3.2476
 47.467   9.3406   4.3206
 47.477   9.9824   3.2955
 47.487   8.7370   2.3375
 47.497   9.7908   4.1386
 47.507   7.8173   4.6272
 47.518   7.2809   3.3722
 47.528   6.8977   4.4260
 47.537   8.3347   6.8306
 47.548   9.8387   7.2138
 47.558   8.8137   6.5528
 47.569   8.1239   7.9323
 47.578   8.8616   7.3671
 47.588   6.8498   8.5550
 47.599  10.5668   9.8579
 47.609   6.2941   9.4939
 47.618   8.0377   8.0281
 47.629   5.6139   9.6663
 47.639   4.9912  11.1129
 47.650   8.7849   8.4496
 47.659   5.1158   7.8269
 47.669   7.8173   9.3310
 47.680   3.9757   9.8866
 47.690   6.7540   9.9250
 47.700   2.7782   9.5418
 47.710   6.4282  11.2470
 47.720   4.5601  10.5860
 47.731   4.6847   8.9861
 47.740   3.5063  10.5189
 47.751   5.5852  11.0171
 47.761   4.1961  10.7872
 47.781   4.0045   9.0915
 47.791   3.4297   8.4305
 47.802   3.5638  10.1645
 47.812   2.4238   8.9861
 47.821   4.4260  11.4865
 47.832   3.9183  12.0996
 47.842   2.4238   8.3634
 47.853   3.2764   9.3597
 47.862   1.0155  10.2698
 47.872   2.2034  10.1932
 47.883   0.3449  11.0075
 47.893   1.0538  11.2853
 47.902  -2.8932   7.6162
 47.913   3.9183  12.9714
 47.923  -1.0251  14.8970
 47.934  -2.0310  13.4313
 47.943   0.3832  10.9979
 47.953  -1.7532  10.9500
 47.964  -1.4370  12.6553
 47.974  -4.7326  13.5750
 47.984   0.1245  11.6685
 47.994  -3.9470  10.7009
 48.006  -1.1017  10.2219
 48.016  -4.3494  10.3082
 48.027  -0.5461  10.2986
 48.037  -4.7996  11.0458
 48.046  -0.1150  11.0746
 48.057  -5.2978  10.2603
 48.067  -0.9772  12.0038
 48.078  -4.4164  10.4423
 48.087  -1.4753   7.7503
 48.097  -4.0620  12.4828
 48.108  -3.6596  10.4519
 48.118  -6.2175  10.3082
 48.128  -4.3110  11.6206
 48.138  -9.0628  11.1033
 48.148  -2.9986   9.8771
 48.159  -8.0568   8.1526
 48.168  -3.1423   8.2676
 48.178  -7.8844   9.5705
 48.189  -4.4931   8.1814
 48.199  -7.2713   8.9382
 48.209  -5.8438   7.8557
 48.219  -7.9419   7.8078
 48.229  -7.9036   7.1180
 48.240  -3.4297   5.6331
 48.249  -7.7503   6.4857
 48.260  -5.4798   7.0701
 48.270 -10.1357   7.9898
 48.280  -4.6272   5.8151
 48.290 -11.0075   6.6198
 48.300  -7.9802   9.6376
 48.311 -10.7105   6.1121
 48.321  -5.8247   6.7635
 48.330  -8.9286   7.2904
 48.341  -7.3767   6.4282
 48.362  -7.9227   5.3074
 48.381  -9.5226   5.2882
 48.392  -7.8557   6.9743
 48.402 -10.2507   5.7959
 48.412  -7.4533   4.3973
 48.422 -10.4135   6.3803
 48.432  -9.5418   4.0907
 48.443 -10.6339   3.9566
 48.452  -8.7849   4.7134
 48.462  -9.9633   4.4643
 48.473  -7.8173   3.3243
 48.483  -9.8483   2.8453
 48.493  -8.4400   2.5579
 48.503 -11.0458   4.0428
 48.513  -9.9441   2.8644
 48.524  -9.1873   2.8932
 48.533 -10.6530   3.3722
 48.544 -11.4865   3.4584
 48.554 -10.4327   3.0369
 48.564 -10.9692   3.4392
 48.574 -10.8638   2.3280
 48.584  -9.8196   2.0310
 48.595 -11.0267   2.2322
 48.605  -8.1143   1.2550
 48.614  -9.9058   1.6765
 48.625  -9.1490   1.5041
 48.635  -9.8100   0.7281
 48.646  -9.3214   0.3736
 48.655 -10.1932   1.7915
 48.665  -8.7275  -0.1437
 48.676 -11.1033   0.0383
 48.686 -10.9500  -0.3257
 48.696  -7.3862  -0.8526
 48.706 -10.4806  -0.4694
 48.716 -12.0613   0.1341
 48.727  -7.6449  -1.8969
 48.736  -8.0952  -0.6131
 48.746 -11.4961  -0.8718
 48.757 -12.0134  -0.9867
 48.767  -7.3479  -1.8681
 48.777 -10.3656  -1.1879
 48.787 -10.0687  -0.5461
 48.808  -8.9765  -2.4238
 48.817  -8.9095  -1.6382
 48.828 -10.3656  -1.6286
 48.838 -10.6051  -1.5041
 48.848  -7.2234  -2.8740
 48.858  -7.7599  -2.5100
 48.868 -12.5020  -3.4680
 48.879 -12.3104  -3.9853
 48.889  -9.5992  -4.8858
 48.898  -9.4555  -3.7937
 48.909  -7.6353  -4.1099
 48.919  -9.7046  -4.2248
 48.930 -11.0746  -5.0774
 48.939  -8.0185  -4.7805
 48.960  -6.3324  -3.7267
 48.970  -6.7923  -4.6942
 48.979 -10.7488  -5.2499
 48.990  -6.6965  -5.8630
 49.002  -9.5992  -5.5660
 49.012  -8.2580  -5.2499
 49.023  -4.3110  -4.9433
 49.033  -6.8402  -5.7576
 49.042  -5.3553  -5.5277
 49.053  -7.2330  -6.1792
 49.063  -3.9757  -7.5874
 49.074  -6.5145  -8.5167
 49.083  -3.9949  -7.5778
 49.093  -3.8129  -6.8114
 49.104  -5.2211  -8.0856
 49.114  -5.5564  -7.4437
 49.123   0.4024  -9.0340
 49.134  -4.7900  -9.1394
 49.144  -4.1578  -7.6353
 49.155  -3.9566  -9.1011
 49.185  -6.1025  -7.5395
 49.195  -3.5159  -7.9610
 49.205  -6.1025  -7.5108
 49.215  -3.8512  -7.3767
 49.225  -5.3074  -9.0149
 49.236  -4.1386  -8.2772
 49.245  -5.1445  -7.5683
 49.256  -3.2476  -7.1180
 49.266  -2.1555  -8.5263
 49.276  -5.5277 -10.2028
 49.286  -3.2955  -9.3118
 49.296  -2.7878  -8.1910
 49.307  -1.6095  -8.1431
 49.317  -5.2595  -9.0532
 49.326  -1.3029  -8.2197
 49.337  -2.3759  -9.3214
 49.347  -2.9411 -10.5764
 49.357  -2.0693  -8.3347
 49.367  -3.1135  -8.7945
 49.377  -3.9183  -9.1873
 49.388  -2.0597  -6.6007
 49.398  -1.1017  -7.5778
 49.407  -5.7289 -11.1991
 49.418  -2.7207 -10.3561
 49.428  -1.3604  -7.8173
 49.439  -2.9890  -8.2868
 49.448  -3.6308  -9.8196
 49.458  -1.6095  -9.6759
 49.469   1.4274  -7.9419
 49.479  -2.2992  -9.7429
 49.489   1.0155  -7.7311
 49.499   0.6898  -8.4400
 49.509   2.8836 -10.7967
 49.520   2.8165  -9.4268
 49.529   5.0583  -7.8269
 49.540   2.0980  -8.3826
 49.550   5.3840  -9.2065
 49.560   5.0104  -8.7658
 49.570   6.1600  -8.5358
 49.580   3.0560  -7.9610
 49.591   4.7709  -8.3251
 49.601   3.3147  -8.2101
 49.610   3.7267  -9.9441
 49.621   2.9028  -8.8424
 49.631   3.0177  -9.0915
 49.641   1.7819  -9.7429
 49.651   2.2992  -8.4592
 49.661   3.8799  -7.9898
 49.672   1.5807  -8.8041
 49.682   2.7686  -8.7083
 49.691   1.8202  -9.1681
 49.702   3.6596  -9.1011
 49.712   2.2705  -9.3693
 49.723   3.5734  -8.8328
 49.732   2.7495  -8.9574
 49.742   2.9507  -9.2256
 49.753   4.6655  -7.6353
 49.763   3.3434  -8.2772
 49.773   4.9242  -8.3059
 49.783   4.5889  -7.1276
 49.793   6.1408  -6.8306
 49.804   3.7554  -8.6317
 49.813   5.7768  -7.2617
 49.824   6.5049  -7.9227
 49.834   6.1792  -7.1563
 49.844   5.0870  -7.7790
 49.854   5.5469  -7.5012
 49.864   6.5528  -7.7886
 49.875   6.0833  -7.1372
 49.885   6.0163  -7.7886
 49.894   5.9971  -7.0414
 49.935   5.3457  -7.8557
 49.966   6.1600  -7.7120
 49.976   5.2020  -7.9802
 49.986   3.9470  -8.0281
 49.999   5.0966  -7.6257
 50.008   7.2617  -7.0797
 50.029   4.7421  -7.7024
 50.039   5.8822  -7.6066
 50.049   6.9551  -6.6294
 50.069   5.2307  -8.1239
 50.080   6.5240  -7.3862
 50.089   7.1755  -6.6582
 50.100   6.7731  -7.4916
 50.110   5.4032  -7.6257
 50.120   6.8402  -7.0414
 50.151   6.0833  -7.3671
 50.251   5.7959  -7.5012
 50.373   4.9242  -7.7407
 50.597   4.1194  -8.8041
 50.668   4.5601  -7.8844
 50.678   2.9315  -8.9861
 50.698   3.8129  -8.5358
 50.718   2.3950  -9.0915
 50.810   1.4562  -9.2065
 50.840   1.9543  -9.9441
 50.851   1.6574  -9.1586
 50.941   0.7568  -8.9382
 50.951  -0.3353 -10.3082
 50.962   0.7472 -10.0591
 50.982  -0.1341  -9.7717
 51.025  -0.3640  -9.7525
 51.055  -1.4466  -9.6567
 51.065  -1.0825  -9.7717
 51.076  -1.0059 -10.0399
 51.085  -0.8718  -9.9345
 51.146  -0.8143  -9.6184
 51.157  -1.2358  -9.5226
 51.166  -0.6131  -9.6088
 51.228  -1.6669  -9.6759
 51.319  -1.0442  -9.4747
 51.328  -0.6802  -9.6471
 51.339  -0.5173  -9.4843
 51.349  -0.2970  -9.3693
 51.410  -0.3257  -9.6950
 51.471  -0.3736  -9.5897
 51.725  -0.4119  -9.5801
 53.300  -0.3353  -9.6376
 53.625  -0.5748  -9.2448
 53.655  -0.4503  -9.7717
 53.727  -0.1629  -9.8387
 53.817  -0.4886  -9.7621
 54.012  -0.3353  -9.7142
 54.083  -0.4694  -9.5897
 54.499  -0.3257  -9.3597
 54.642   0.0287  -9.4651
 54.682   0.1629 -10.2794
 54.691  -0.9867  -9.9824
 54.702  -0.5077  -8.5550
 54.712  -0.9197  -9.4555
 54.723  -0.1437  -9.2256
 54.732  -0.5652  -9.5609
 54.742  -1.1209  -9.7525
 54.753  -0.4694  -9.4843
 54.763  -1.3891  -9.3502
 54.773   0.1150  -9.4747
 54.783  -1.5041  -9.8100
 54.793  -0.2778  -9.6471
 54.804  -1.0634  -9.8962
 54.813   0.0287  -9.5801
 54.824  -0.8047  -9.3214
 54.834   0.0766  -9.3118
 54.844  -0.5077  -9.5801
 54.854   0.0000  -9.0244
 54.864  -0.3928  -9.8292
 54.875   0.2970 -10.4040
 54.885  -0.2299 -10.3177
 54.894   0.1054  -9.9345
 54.915   0.0383  -9.2544
 54.925  -0.3928  -9.6950
 54.935  -0.2108  -9.8196
 54.945  -0.4982  -9.9345
 54.956  -0.4982  -9.5992
 54.966  -0.5269  -9.3693
 54.986  -0.5173  -9.5609
 54.999  -0.7664  -9.7717
 55.008  -0.3928  -9.7525
 55.018  -0.5173  -9.7238
 55.029  -0.2970  -9.5609
 56.360  -0.2970  -9.5897
 59.002  -0.3353  -9.5705
 62.000  -0.3832  -9.4843
 64.999  -0.3736  -9.4651
 68.006  -0.3161  -9.5322
 71.004  -0.3449  -9.5034
 74.002  -0.3545  -9.5609
 76.278  -1.1113  -9.7525
 76.298  -1.0059  -9.8771
 76.308  -0.9005  -9.7429
 76.319  -0.8335  -9.5897
 76.328  -0.4215  -9.4076
 76.390   0.0287  -9.5897
 79.001  -0.0479  -9.5609
